test case 6

P Matrix is: 
[[(0.5500791013682079, 0.4499208986317921), (0.03334373960174253, 0.9666562603982575)], [(0.5500791013682079, 0.4499208986317921), (0.03334373960174253, 0.9666562603982575)]]

Whittle Index final accu_reward is 0.962120 and time duration is 0.663129

count_cvg is 532
{((1, 1), (1, 5)): (0,), ((0, 1), (0, 1)): (1,), ((0, 3), (1, 1)): (1,), ((1, 1), (1, 3)): (0,), ((1, 1), (0, 1)): (0,), ((1, 2), (0, 1)): (0,), ((1, 1), (1, 1)): (0,), ((0, 1), (0, 5)): (1,), ((1, 3), (0, 1)): (0,), ((0, 1), (1, 4)): (1,), ((0, 1), (1, 5)): (1,), ((0, 4), (0, 1)): (0,), ((0, 1), (1, 1)): (1,), ((0, 1), (1, 2)): (1,), ((0, 1), (0, 3)): (1,), ((1, 5), (1, 1)): (1,), ((1, 1), (0, 5)): (0,), ((0, 4), (1, 1)): (1,), ((1, 1), (1, 2)): (0,), ((0, 5), (0, 1)): (0,), ((1, 1), (0, 4)): (0,), ((0, 2), (0, 1)): (0,), ((1, 3), (1, 1)): (1,), ((1, 1), (1, 4)): (0,), ((1, 1), (0, 3)): (0,), ((0, 1), (0, 4)): (1,), ((1, 1), (0, 2)): (0,), ((0, 2), (1, 1)): (1,), ((0, 3), (0, 1)): (0,), ((1, 5), (0, 1)): (0,), ((0, 1), (0, 2)): (1,), ((0, 5), (1, 1)): (1,), ((1, 4), (0, 1)): (0,), ((0, 1), (1, 3)): (1,), ((1, 2), (1, 1)): (1,), ((1, 4), (1, 1)): (1,)}
Q table_suff final accu_reward is 0.962280 and time duration is 17.003759

test case 6

P Matrix is: 
[[(0.5500791013682079, 0.4499208986317921), (0.03334373960174253, 0.9666562603982575)], [(0.5500791013682079, 0.4499208986317921), (0.03334373960174253, 0.9666562603982575)]]

Whittle Index final accu_reward is 0.964940 and time duration is 0.681178

count_cvg is 464
{((1, 1), (1, 5)): (0,), ((0, 1), (0, 1)): (1,), ((0, 3), (1, 1)): (1,), ((1, 3), (1, 1)): (0,), ((1, 1), (0, 1)): (0,), ((0, 1), (1, 2)): (1,), ((1, 1), (1, 1)): (0,), ((0, 1), (0, 5)): (1,), ((1, 3), (0, 1)): (0,), ((0, 1), (1, 4)): (1,), ((0, 1), (1, 5)): (1,), ((0, 4), (0, 1)): (0,), ((0, 1), (1, 1)): (1,), ((1, 2), (0, 1)): (0,), ((0, 1), (0, 3)): (1,), ((1, 5), (1, 1)): (1,), ((1, 1), (0, 5)): (0,), ((0, 4), (1, 1)): (1,), ((0, 2), (0, 1)): (0,), ((0, 5), (0, 1)): (0,), ((1, 1), (0, 4)): (0,), ((1, 1), (1, 2)): (0,), ((1, 1), (1, 3)): (0,), ((1, 1), (1, 4)): (0,), ((1, 1), (0, 3)): (0,), ((0, 1), (0, 4)): (1,), ((1, 1), (0, 2)): (0,), ((0, 2), (1, 1)): (1,), ((0, 1), (0, 2)): (1,), ((1, 5), (0, 1)): (0,), ((0, 5), (1, 1)): (1,), ((1, 4), (0, 1)): (0,), ((0, 3), (0, 1)): (0,), ((0, 1), (1, 3)): (1,), ((1, 2), (1, 1)): (0,), ((1, 4), (1, 1)): (0,)}
Q table_suff final accu_reward is 0.962300 and time duration is 16.787127

test case 6

P Matrix is: 
[[(0.5500791013682079, 0.4499208986317921), (0.03334373960174253, 0.9666562603982575)], [(0.5500791013682079, 0.4499208986317921), (0.03334373960174253, 0.9666562603982575)]]

Whittle Index final accu_reward is 0.965200 and time duration is 0.580457

count_cvg is 580
{((1, 1), (1, 5)): (0,), ((0, 1), (0, 1)): (1,), ((0, 3), (1, 1)): (1,), ((1, 3), (1, 1)): (1,), ((1, 1), (0, 1)): (0,), ((1, 2), (0, 1)): (0,), ((1, 1), (1, 1)): (0,), ((0, 1), (0, 5)): (1,), ((1, 3), (0, 1)): (0,), ((0, 1), (1, 4)): (1,), ((0, 1), (1, 5)): (1,), ((0, 4), (0, 1)): (0,), ((0, 1), (1, 1)): (1,), ((0, 1), (1, 2)): (1,), ((0, 1), (0, 3)): (1,), ((1, 5), (1, 1)): (0,), ((1, 1), (0, 5)): (0,), ((0, 4), (1, 1)): (1,), ((0, 2), (0, 1)): (0,), ((0, 5), (0, 1)): (0,), ((1, 1), (0, 4)): (0,), ((1, 1), (1, 2)): (0,), ((1, 1), (1, 3)): (0,), ((1, 1), (1, 4)): (0,), ((1, 1), (0, 3)): (0,), ((0, 1), (0, 4)): (1,), ((0, 2), (1, 1)): (1,), ((1, 1), (0, 2)): (0,), ((0, 3), (0, 1)): (0,), ((1, 5), (0, 1)): (0,), ((0, 1), (0, 2)): (1,), ((0, 5), (1, 1)): (1,), ((1, 4), (0, 1)): (0,), ((0, 1), (1, 3)): (1,), ((1, 2), (1, 1)): (1,), ((1, 4), (1, 1)): (0,)}
Q table_suff final accu_reward is 0.963280 and time duration is 17.117504

test case 6

P Matrix is: 
[[(0.5500791013682079, 0.4499208986317921), (0.03334373960174253, 0.9666562603982575)], [(0.5500791013682079, 0.4499208986317921), (0.03334373960174253, 0.9666562603982575)]]

Whittle Index final accu_reward is 0.965700 and time duration is 0.683891

count_cvg is 275
{((1, 1), (1, 5)): (1,), ((0, 1), (0, 1)): (0,), ((0, 3), (1, 1)): (1,), ((1, 3), (1, 1)): (1,), ((1, 1), (0, 1)): (0,), ((1, 2), (0, 1)): (0,), ((1, 1), (1, 1)): (1,), ((0, 1), (0, 5)): (1,), ((1, 3), (0, 1)): (0,), ((0, 1), (1, 4)): (1,), ((0, 1), (1, 5)): (1,), ((0, 4), (0, 1)): (0,), ((0, 1), (1, 1)): (1,), ((0, 1), (1, 2)): (1,), ((0, 1), (0, 3)): (1,), ((1, 5), (1, 1)): (1,), ((1, 1), (0, 5)): (0,), ((0, 4), (1, 1)): (1,), ((0, 2), (0, 1)): (0,), ((0, 5), (0, 1)): (0,), ((1, 1), (0, 4)): (0,), ((1, 1), (1, 2)): (1,), ((1, 1), (1, 3)): (0,), ((1, 1), (1, 4)): (1,), ((1, 1), (0, 3)): (0,), ((0, 1), (0, 4)): (1,), ((1, 1), (0, 2)): (0,), ((0, 2), (1, 1)): (1,), ((0, 3), (0, 1)): (0,), ((1, 5), (0, 1)): (0,), ((0, 1), (0, 2)): (1,), ((0, 5), (1, 1)): (1,), ((1, 4), (0, 1)): (0,), ((0, 1), (1, 3)): (1,), ((1, 2), (1, 1)): (1,), ((1, 4), (1, 1)): (1,)}
Q table_suff final accu_reward is 0.962460 and time duration is 16.952489

test case 6

P Matrix is: 
[[(0.5500791013682079, 0.4499208986317921), (0.03334373960174253, 0.9666562603982575)], [(0.5500791013682079, 0.4499208986317921), (0.03334373960174253, 0.9666562603982575)]]

Whittle Index final accu_reward is 0.965380 and time duration is 0.655907

count_cvg is 3
{((1, 1), (1, 5)): (0,), ((0, 1), (0, 1)): (0,), ((0, 3), (1, 1)): (1,), ((1, 3), (1, 1)): (1,), ((1, 1), (0, 1)): (0,), ((1, 2), (0, 1)): (0,), ((1, 1), (1, 1)): (1,), ((0, 1), (0, 5)): (1,), ((1, 3), (0, 1)): (0,), ((0, 1), (1, 4)): (1,), ((0, 1), (1, 5)): (1,), ((0, 4), (0, 1)): (0,), ((0, 1), (1, 1)): (1,), ((0, 1), (1, 2)): (1,), ((0, 1), (0, 3)): (1,), ((1, 5), (1, 1)): (1,), ((1, 1), (0, 5)): (0,), ((0, 4), (1, 1)): (1,), ((0, 2), (0, 1)): (0,), ((0, 5), (0, 1)): (0,), ((1, 1), (0, 4)): (0,), ((1, 1), (1, 2)): (0,), ((1, 1), (1, 3)): (1,), ((1, 1), (1, 4)): (1,), ((1, 1), (0, 3)): (0,), ((0, 1), (0, 4)): (1,), ((1, 1), (0, 2)): (0,), ((0, 2), (1, 1)): (1,), ((0, 1), (0, 2)): (1,), ((1, 5), (0, 1)): (0,), ((0, 5), (1, 1)): (0,), ((1, 4), (0, 1)): (0,), ((0, 3), (0, 1)): (0,), ((0, 1), (1, 3)): (1,), ((1, 2), (1, 1)): (1,), ((1, 4), (1, 1)): (1,)}
Q table_suff final accu_reward is 0.961480 and time duration is 20.197220

test case 6

P Matrix is: 
[[(0.5500791013682079, 0.4499208986317921), (0.03334373960174253, 0.9666562603982575)], [(0.5500791013682079, 0.4499208986317921), (0.03334373960174253, 0.9666562603982575)]]

Whittle Index final accu_reward is 0.963160 and time duration is 0.671067

count_cvg is 454
{((1, 1), (1, 5)): (1,), ((0, 1), (0, 1)): (1,), ((0, 3), (1, 1)): (1,), ((1, 3), (1, 1)): (1,), ((1, 1), (0, 1)): (1,), ((1, 2), (0, 1)): (0,), ((1, 1), (1, 1)): (1,), ((0, 1), (0, 5)): (1,), ((1, 3), (0, 1)): (0,), ((0, 1), (1, 4)): (1,), ((0, 1), (1, 5)): (1,), ((0, 4), (0, 1)): (0,), ((0, 1), (1, 1)): (1,), ((0, 1), (1, 2)): (1,), ((0, 1), (0, 3)): (1,), ((1, 5), (1, 1)): (1,), ((1, 1), (0, 5)): (0,), ((0, 4), (1, 1)): (1,), ((0, 2), (0, 1)): (0,), ((0, 5), (0, 1)): (0,), ((1, 1), (0, 4)): (0,), ((1, 1), (1, 2)): (0,), ((1, 1), (1, 3)): (0,), ((1, 1), (1, 4)): (0,), ((1, 1), (0, 3)): (0,), ((0, 1), (0, 4)): (1,), ((1, 1), (0, 2)): (0,), ((0, 2), (1, 1)): (1,), ((0, 3), (0, 1)): (0,), ((1, 5), (0, 1)): (0,), ((0, 1), (0, 2)): (1,), ((0, 5), (1, 1)): (1,), ((1, 4), (0, 1)): (0,), ((0, 1), (1, 3)): (1,), ((1, 2), (1, 1)): (1,), ((1, 4), (1, 1)): (1,)}
Q table_suff final accu_reward is 0.958540 and time duration is 18.254473

test case 6

P Matrix is: 
[[(0.5500791013682079, 0.4499208986317921), (0.03334373960174253, 0.9666562603982575)], [(0.5500791013682079, 0.4499208986317921), (0.03334373960174253, 0.9666562603982575)]]

Whittle Index final accu_reward is 0.963520 and time duration is 0.545083

count_cvg is 1010
{((1, 1), (1, 5)): (0,), ((0, 1), (0, 1)): (0,), ((0, 3), (1, 1)): (1,), ((1, 3), (1, 1)): (1,), ((1, 1), (0, 1)): (0,), ((1, 2), (0, 1)): (0,), ((1, 1), (1, 1)): (1,), ((0, 1), (0, 5)): (1,), ((1, 3), (0, 1)): (0,), ((0, 1), (1, 4)): (1,), ((0, 1), (1, 5)): (1,), ((0, 4), (0, 1)): (0,), ((0, 1), (1, 1)): (1,), ((0, 1), (1, 2)): (1,), ((0, 1), (0, 3)): (1,), ((1, 5), (1, 1)): (1,), ((1, 1), (0, 5)): (0,), ((0, 4), (1, 1)): (1,), ((0, 2), (0, 1)): (0,), ((0, 5), (0, 1)): (0,), ((1, 1), (0, 4)): (0,), ((1, 1), (1, 2)): (0,), ((1, 1), (1, 3)): (0,), ((1, 1), (1, 4)): (0,), ((1, 1), (0, 3)): (0,), ((0, 1), (0, 4)): (1,), ((0, 2), (1, 1)): (1,), ((1, 1), (0, 2)): (0,), ((0, 3), (0, 1)): (0,), ((1, 5), (0, 1)): (0,), ((0, 1), (0, 2)): (1,), ((0, 5), (1, 1)): (1,), ((1, 4), (0, 1)): (0,), ((0, 1), (1, 3)): (1,), ((1, 2), (1, 1)): (1,), ((1, 4), (1, 1)): (1,)}
Q table_suff final accu_reward is 0.964360 and time duration is 15.249392

test case 6

P Matrix is: 
[[(0.5500791013682079, 0.4499208986317921), (0.03334373960174253, 0.9666562603982575)], [(0.5500791013682079, 0.4499208986317921), (0.03334373960174253, 0.9666562603982575)]]

Whittle Index final accu_reward is 0.964980 and time duration is 0.579957

count_cvg is 5
{((1, 1), (1, 5)): (0,), ((0, 1), (0, 1)): (1,), ((0, 3), (1, 1)): (1,), ((1, 1), (1, 3)): (1,), ((1, 1), (0, 1)): (0,), ((1, 2), (0, 1)): (0,), ((1, 1), (1, 1)): (0,), ((0, 1), (0, 5)): (1,), ((1, 3), (0, 1)): (0,), ((0, 1), (1, 4)): (1,), ((0, 1), (1, 5)): (1,), ((0, 4), (0, 1)): (0,), ((0, 1), (1, 1)): (1,), ((0, 1), (1, 2)): (1,), ((0, 1), (0, 3)): (1,), ((1, 5), (1, 1)): (0,), ((1, 1), (0, 5)): (0,), ((0, 4), (1, 1)): (1,), ((0, 2), (0, 1)): (0,), ((0, 5), (0, 1)): (0,), ((1, 1), (0, 4)): (0,), ((1, 1), (1, 2)): (0,), ((1, 3), (1, 1)): (0,), ((1, 1), (1, 4)): (0,), ((1, 1), (0, 3)): (0,), ((0, 1), (0, 4)): (1,), ((1, 1), (0, 2)): (0,), ((0, 2), (1, 1)): (1,), ((0, 1), (0, 2)): (1,), ((1, 5), (0, 1)): (0,), ((0, 5), (1, 1)): (0,), ((1, 4), (0, 1)): (0,), ((0, 3), (0, 1)): (0,), ((0, 1), (1, 3)): (1,), ((1, 2), (1, 1)): (0,), ((1, 4), (1, 1)): (1,)}
Q table_suff final accu_reward is 0.952300 and time duration is 15.207520

test case 6

P Matrix is: 
[[(0.5500791013682079, 0.4499208986317921), (0.03334373960174253, 0.9666562603982575)], [(0.5500791013682079, 0.4499208986317921), (0.03334373960174253, 0.9666562603982575)]]

Whittle Index final accu_reward is 0.964240 and time duration is 0.498774

count_cvg is 91
{((1, 1), (1, 5)): (1,), ((0, 1), (0, 1)): (0,), ((0, 3), (1, 1)): (1,), ((1, 3), (1, 1)): (1,), ((1, 1), (0, 1)): (0,), ((1, 2), (0, 1)): (0,), ((1, 1), (1, 1)): (1,), ((0, 1), (0, 5)): (1,), ((1, 3), (0, 1)): (0,), ((0, 1), (1, 4)): (1,), ((0, 1), (1, 5)): (1,), ((0, 4), (0, 1)): (0,), ((0, 1), (1, 1)): (1,), ((0, 1), (1, 2)): (1,), ((0, 1), (0, 3)): (1,), ((1, 5), (1, 1)): (1,), ((1, 1), (0, 5)): (0,), ((0, 4), (1, 1)): (1,), ((1, 1), (1, 2)): (0,), ((0, 5), (0, 1)): (0,), ((1, 1), (0, 4)): (0,), ((0, 2), (0, 1)): (0,), ((1, 1), (1, 3)): (0,), ((1, 1), (1, 4)): (1,), ((1, 1), (0, 3)): (0,), ((0, 1), (0, 4)): (1,), ((1, 1), (0, 2)): (0,), ((0, 2), (1, 1)): (1,), ((0, 1), (0, 2)): (1,), ((1, 5), (0, 1)): (0,), ((0, 5), (1, 1)): (1,), ((1, 4), (0, 1)): (0,), ((0, 3), (0, 1)): (0,), ((0, 1), (1, 3)): (1,), ((1, 2), (1, 1)): (1,), ((1, 4), (1, 1)): (1,)}
Q table_suff final accu_reward is 0.961780 and time duration is 17.929867

test case 6

P Matrix is: 
[[(0.5500791013682079, 0.4499208986317921), (0.03334373960174253, 0.9666562603982575)], [(0.5500791013682079, 0.4499208986317921), (0.03334373960174253, 0.9666562603982575)]]

Whittle Index final accu_reward is 0.964820 and time duration is 0.589299

count_cvg is 504
{((1, 1), (1, 5)): (1,), ((0, 1), (0, 1)): (0,), ((0, 3), (1, 1)): (1,), ((1, 1), (1, 3)): (0,), ((1, 1), (0, 1)): (0,), ((0, 1), (1, 2)): (1,), ((1, 1), (1, 1)): (1,), ((0, 1), (0, 5)): (1,), ((1, 3), (0, 1)): (0,), ((0, 1), (1, 4)): (1,), ((0, 1), (1, 5)): (1,), ((0, 4), (0, 1)): (0,), ((0, 1), (1, 1)): (1,), ((1, 2), (0, 1)): (0,), ((0, 1), (0, 3)): (1,), ((1, 5), (1, 1)): (1,), ((1, 1), (0, 5)): (0,), ((0, 4), (1, 1)): (1,), ((0, 2), (0, 1)): (0,), ((0, 5), (0, 1)): (0,), ((1, 1), (0, 4)): (0,), ((1, 1), (1, 2)): (1,), ((1, 3), (1, 1)): (1,), ((1, 1), (1, 4)): (1,), ((1, 1), (0, 3)): (0,), ((0, 1), (0, 4)): (1,), ((0, 2), (1, 1)): (1,), ((1, 1), (0, 2)): (0,), ((0, 1), (0, 2)): (1,), ((1, 5), (0, 1)): (0,), ((0, 5), (1, 1)): (1,), ((1, 4), (0, 1)): (0,), ((0, 3), (0, 1)): (0,), ((0, 1), (1, 3)): (1,), ((1, 2), (1, 1)): (1,), ((1, 4), (1, 1)): (1,)}
Q table_suff final accu_reward is 0.961780 and time duration is 18.128471

