test case 3

P Matrix is: 
[[(0.5987010100852063, 0.40129898991479374), (0.5897622991930034, 0.4102377008069966)], [(0.5987010100852063, 0.40129898991479374), (0.5897622991930034, 0.4102377008069966)], [(0.5987010100852063, 0.40129898991479374), (0.5897622991930034, 0.4102377008069966)], [(0.5987010100852063, 0.40129898991479374), (0.5897622991930034, 0.4102377008069966)], [(0.5987010100852063, 0.40129898991479374), (0.5897622991930034, 0.4102377008069966)]]

Whittle Index final accu_reward is 1.422448 and time duration is 1.542621

count_cvg is 139
{((-1, -1, -1, 0, -1),): (1,), ((-1, -1, 0, -1, -1),): (0,), ((-1, 0, -1, -1, -1),): (3,), ((1, -1, -1, -1, -1),): (2,), ((0, -1, -1, -1, -1),): (3,), ((-1, -1, 1, -1, -1),): (4,), ((-1, -1, -1, -1, 1),): (3,), ((-1, -1, -1, 1, -1),): (1,), ((-1, -1, -1, -1, 0),): (4,), ((-1, 1, -1, -1, -1),): (4,), ((0, -1),): (0,)}
Q table final accu_reward is 2.920289 and time duration is 0.603261

test case 3

P Matrix is: 
[[(0.5987010100852063, 0.40129898991479374), (0.5897622991930034, 0.4102377008069966)], [(0.5987010100852063, 0.40129898991479374), (0.5897622991930034, 0.4102377008069966)], [(0.5987010100852063, 0.40129898991479374), (0.5897622991930034, 0.4102377008069966)], [(0.5987010100852063, 0.40129898991479374), (0.5897622991930034, 0.4102377008069966)], [(0.5987010100852063, 0.40129898991479374), (0.5897622991930034, 0.4102377008069966)]]

Whittle Index final accu_reward is 0.897102 and time duration is 1.619148

count_cvg is 365
{((-1, -1, -1, 0, -1),): (2,), ((-1, -1, 0, -1, -1),): (4,), ((-1, 0, -1, -1, -1),): (2,), ((1, -1, -1, -1, -1),): (3,), ((0, -1, -1, -1, -1),): (0,), ((-1, -1, 1, -1, -1),): (2,), ((-1, -1, -1, -1, 1),): (3,), ((-1, -1, -1, 1, -1),): (3,), ((-1, -1, -1, -1, 0),): (0,), ((-1, 1, -1, -1, -1),): (3,), ((0, -1),): (0,)}
Q table final accu_reward is 0.643233 and time duration is 0.587936

test case 3

P Matrix is: 
[[(0.5987010100852063, 0.40129898991479374), (0.5897622991930034, 0.4102377008069966)], [(0.5987010100852063, 0.40129898991479374), (0.5897622991930034, 0.4102377008069966)], [(0.5987010100852063, 0.40129898991479374), (0.5897622991930034, 0.4102377008069966)], [(0.5987010100852063, 0.40129898991479374), (0.5897622991930034, 0.4102377008069966)], [(0.5987010100852063, 0.40129898991479374), (0.5897622991930034, 0.4102377008069966)]]

Whittle Index final accu_reward is 1.383637 and time duration is 1.503793

count_cvg is 1061
{((-1, -1, 0, -1, -1),): (0,), ((-1, -1, -1, 0, -1),): (2,), ((-1, 0, -1, -1, -1),): (2,), ((1, -1, -1, -1, -1),): (2,), ((0, -1, -1, -1, -1),): (2,), ((-1, -1, 1, -1, -1),): (2,), ((-1, -1, -1, -1, 1),): (4,), ((-1, -1, -1, 1, -1),): (4,), ((-1, -1, -1, -1, 0),): (0,), ((-1, 1, -1, -1, -1),): (1,), ((0, -1),): (0,)}
Q table final accu_reward is 2.415078 and time duration is 0.558685

test case 3

P Matrix is: 
[[(0.5987010100852063, 0.40129898991479374), (0.5897622991930034, 0.4102377008069966)], [(0.5987010100852063, 0.40129898991479374), (0.5897622991930034, 0.4102377008069966)], [(0.5987010100852063, 0.40129898991479374), (0.5897622991930034, 0.4102377008069966)], [(0.5987010100852063, 0.40129898991479374), (0.5897622991930034, 0.4102377008069966)], [(0.5987010100852063, 0.40129898991479374), (0.5897622991930034, 0.4102377008069966)]]

Whittle Index final accu_reward is 1.074403 and time duration is 1.497729

count_cvg is 1132
{((-1, -1, -1, 0, -1),): (4,), ((-1, -1, 0, -1, -1),): (4,), ((-1, 0, -1, -1, -1),): (2,), ((1, -1, -1, -1, -1),): (0,), ((0, -1, -1, -1, -1),): (2,), ((-1, -1, 1, -1, -1),): (4,), ((-1, -1, -1, -1, 1),): (4,), ((-1, -1, -1, 1, -1),): (2,), ((-1, -1, -1, -1, 0),): (1,), ((-1, 1, -1, -1, -1),): (0,), ((0, -1),): (0,)}
Q table final accu_reward is 3.602233 and time duration is 0.588143

test case 3

P Matrix is: 
[[(0.5987010100852063, 0.40129898991479374), (0.5897622991930034, 0.4102377008069966)], [(0.5987010100852063, 0.40129898991479374), (0.5897622991930034, 0.4102377008069966)], [(0.5987010100852063, 0.40129898991479374), (0.5897622991930034, 0.4102377008069966)], [(0.5987010100852063, 0.40129898991479374), (0.5897622991930034, 0.4102377008069966)], [(0.5987010100852063, 0.40129898991479374), (0.5897622991930034, 0.4102377008069966)]]

Whittle Index final accu_reward is 1.743995 and time duration is 1.494968

count_cvg is 10
{((-1, -1, -1, 0, -1),): (2,), ((-1, -1, 0, -1, -1),): (4,), ((-1, 0, -1, -1, -1),): (2,), ((1, -1, -1, -1, -1),): (0,), ((0, -1, -1, -1, -1),): (1,), ((-1, -1, -1, 1, -1),): (3,), ((-1, -1, -1, -1, 1),): (3,), ((-1, -1, 1, -1, -1),): (2,), ((-1, -1, -1, -1, 0),): (0,), ((-1, 1, -1, -1, -1),): (3,), ((0, -1),): (0,)}
Q table final accu_reward is 0.630300 and time duration is 0.595085

test case 3

P Matrix is: 
[[(0.5987010100852063, 0.40129898991479374), (0.5897622991930034, 0.4102377008069966)], [(0.5987010100852063, 0.40129898991479374), (0.5897622991930034, 0.4102377008069966)], [(0.5987010100852063, 0.40129898991479374), (0.5897622991930034, 0.4102377008069966)], [(0.5987010100852063, 0.40129898991479374), (0.5897622991930034, 0.4102377008069966)], [(0.5987010100852063, 0.40129898991479374), (0.5897622991930034, 0.4102377008069966)]]

Whittle Index final accu_reward is 1.611959 and time duration is 1.484920

count_cvg is 102
{((-1, -1, -1, 0, -1),): (4,), ((-1, -1, 0, -1, -1),): (3,), ((-1, 0, -1, -1, -1),): (0,), ((1, -1, -1, -1, -1),): (0,), ((0, -1, -1, -1, -1),): (1,), ((-1, -1, 1, -1, -1),): (4,), ((-1, -1, -1, -1, 1),): (4,), ((-1, -1, -1, 1, -1),): (0,), ((-1, -1, -1, -1, 0),): (0,), ((-1, 1, -1, -1, -1),): (2,), ((0, -1),): (0,)}
Q table final accu_reward is 2.858546 and time duration is 0.567454

test case 3

P Matrix is: 
[[(0.5987010100852063, 0.40129898991479374), (0.5897622991930034, 0.4102377008069966)], [(0.5987010100852063, 0.40129898991479374), (0.5897622991930034, 0.4102377008069966)], [(0.5987010100852063, 0.40129898991479374), (0.5897622991930034, 0.4102377008069966)], [(0.5987010100852063, 0.40129898991479374), (0.5897622991930034, 0.4102377008069966)], [(0.5987010100852063, 0.40129898991479374), (0.5897622991930034, 0.4102377008069966)]]

Whittle Index final accu_reward is 0.861845 and time duration is 1.475807

count_cvg is 162
{((-1, -1, -1, 0, -1),): (2,), ((-1, -1, 0, -1, -1),): (3,), ((-1, 0, -1, -1, -1),): (4,), ((1, -1, -1, -1, -1),): (3,), ((0, -1, -1, -1, -1),): (2,), ((-1, -1, 1, -1, -1),): (3,), ((-1, -1, -1, -1, 1),): (3,), ((-1, -1, -1, 1, -1),): (1,), ((-1, -1, -1, -1, 0),): (4,), ((-1, 1, -1, -1, -1),): (2,), ((0, -1),): (0,)}
Q table final accu_reward is 1.798795 and time duration is 0.594710

test case 3

P Matrix is: 
[[(0.5987010100852063, 0.40129898991479374), (0.5897622991930034, 0.4102377008069966)], [(0.5987010100852063, 0.40129898991479374), (0.5897622991930034, 0.4102377008069966)], [(0.5987010100852063, 0.40129898991479374), (0.5897622991930034, 0.4102377008069966)], [(0.5987010100852063, 0.40129898991479374), (0.5897622991930034, 0.4102377008069966)], [(0.5987010100852063, 0.40129898991479374), (0.5897622991930034, 0.4102377008069966)]]

Whittle Index final accu_reward is 0.800072 and time duration is 1.483863

count_cvg is 453
{((-1, -1, -1, 0, -1),): (4,), ((-1, -1, 0, -1, -1),): (1,), ((-1, 0, -1, -1, -1),): (2,), ((1, -1, -1, -1, -1),): (3,), ((0, -1, -1, -1, -1),): (1,), ((-1, -1, 1, -1, -1),): (4,), ((-1, -1, -1, -1, 1),): (4,), ((-1, -1, -1, 1, -1),): (3,), ((-1, -1, -1, -1, 0),): (1,), ((-1, 1, -1, -1, -1),): (3,), ((0, -1),): (0,)}
Q table final accu_reward is 2.117008 and time duration is 0.580239

test case 3

P Matrix is: 
[[(0.5987010100852063, 0.40129898991479374), (0.5897622991930034, 0.4102377008069966)], [(0.5987010100852063, 0.40129898991479374), (0.5897622991930034, 0.4102377008069966)], [(0.5987010100852063, 0.40129898991479374), (0.5897622991930034, 0.4102377008069966)], [(0.5987010100852063, 0.40129898991479374), (0.5897622991930034, 0.4102377008069966)], [(0.5987010100852063, 0.40129898991479374), (0.5897622991930034, 0.4102377008069966)]]

Whittle Index final accu_reward is 1.041347 and time duration is 1.485026

count_cvg is 23
{((-1, -1, -1, 0, -1),): (0,), ((-1, -1, 0, -1, -1),): (0,), ((-1, 0, -1, -1, -1),): (3,), ((1, -1, -1, -1, -1),): (2,), ((0, -1, -1, -1, -1),): (1,), ((-1, -1, 1, -1, -1),): (1,), ((-1, -1, -1, -1, 1),): (3,), ((-1, -1, -1, 1, -1),): (3,), ((-1, -1, -1, -1, 0),): (1,), ((-1, 1, -1, -1, -1),): (4,), ((0, -1),): (0,)}
Q table final accu_reward is 1.674834 and time duration is 0.579417

test case 3

P Matrix is: 
[[(0.5987010100852063, 0.40129898991479374), (0.5897622991930034, 0.4102377008069966)], [(0.5987010100852063, 0.40129898991479374), (0.5897622991930034, 0.4102377008069966)], [(0.5987010100852063, 0.40129898991479374), (0.5897622991930034, 0.4102377008069966)], [(0.5987010100852063, 0.40129898991479374), (0.5897622991930034, 0.4102377008069966)], [(0.5987010100852063, 0.40129898991479374), (0.5897622991930034, 0.4102377008069966)]]

Whittle Index final accu_reward is 2.448652 and time duration is 1.480322

count_cvg is 387
{((-1, -1, -1, 0, -1),): (0,), ((-1, -1, 0, -1, -1),): (4,), ((-1, 0, -1, -1, -1),): (2,), ((1, -1, -1, -1, -1),): (4,), ((0, -1, -1, -1, -1),): (4,), ((-1, -1, 1, -1, -1),): (3,), ((-1, -1, -1, -1, 1),): (4,), ((-1, -1, -1, 1, -1),): (4,), ((-1, -1, -1, -1, 0),): (3,), ((-1, 1, -1, -1, -1),): (0,), ((0, -1),): (0,)}
Q table final accu_reward is 1.449866 and time duration is 0.591434

