test case 7

P Matrix is: 
[[(0.3361259078563388, 0.6638740921436612), (0.36330249943995296, 0.636697500560047)], [(0.3361259078563388, 0.6638740921436612), (0.36330249943995296, 0.636697500560047)], [(0.3361259078563388, 0.6638740921436612), (0.36330249943995296, 0.636697500560047)], [(0.3361259078563388, 0.6638740921436612), (0.36330249943995296, 0.636697500560047)], [(0.3361259078563388, 0.6638740921436612), (0.36330249943995296, 0.636697500560047)]]

Whittle Index final accu_reward is 2.837900 and time duration is 1.492599

count_cvg is 162
{((-1, -1, -1, 0, -1),): (3,), ((-1, -1, 0, -1, -1),): (2,), ((-1, 0, -1, -1, -1),): (3,), ((1, -1, -1, -1, -1),): (4,), ((0, -1, -1, -1, -1),): (0,), ((-1, -1, 1, -1, -1),): (3,), ((-1, -1, -1, -1, 1),): (3,), ((-1, -1, -1, 1, -1),): (2,), ((-1, -1, -1, -1, 0),): (4,), ((-1, 1, -1, -1, -1),): (2,), ((0, -1),): (0,)}
Q table final accu_reward is 3.457671 and time duration is 0.589755

test case 7

P Matrix is: 
[[(0.3361259078563388, 0.6638740921436612), (0.36330249943995296, 0.636697500560047)], [(0.3361259078563388, 0.6638740921436612), (0.36330249943995296, 0.636697500560047)], [(0.3361259078563388, 0.6638740921436612), (0.36330249943995296, 0.636697500560047)], [(0.3361259078563388, 0.6638740921436612), (0.36330249943995296, 0.636697500560047)], [(0.3361259078563388, 0.6638740921436612), (0.36330249943995296, 0.636697500560047)]]

Whittle Index final accu_reward is 3.528008 and time duration is 1.489139

count_cvg is 9
{((-1, -1, -1, 0, -1),): (3,), ((-1, -1, 0, -1, -1),): (2,), ((-1, 0, -1, -1, -1),): (0,), ((1, -1, -1, -1, -1),): (4,), ((0, -1, -1, -1, -1),): (0,), ((-1, -1, -1, 1, -1),): (2,), ((-1, -1, -1, -1, 1),): (2,), ((-1, -1, 1, -1, -1),): (0,), ((-1, -1, -1, -1, 0),): (3,), ((-1, 1, -1, -1, -1),): (2,), ((0, -1),): (0,)}
Q table final accu_reward is 3.120612 and time duration is 0.589911

test case 7

P Matrix is: 
[[(0.3361259078563388, 0.6638740921436612), (0.36330249943995296, 0.636697500560047)], [(0.3361259078563388, 0.6638740921436612), (0.36330249943995296, 0.636697500560047)], [(0.3361259078563388, 0.6638740921436612), (0.36330249943995296, 0.636697500560047)], [(0.3361259078563388, 0.6638740921436612), (0.36330249943995296, 0.636697500560047)], [(0.3361259078563388, 0.6638740921436612), (0.36330249943995296, 0.636697500560047)]]

Whittle Index final accu_reward is 3.665098 and time duration is 1.564376

count_cvg is 41
{((-1, -1, -1, 0, -1),): (0,), ((-1, -1, 0, -1, -1),): (2,), ((-1, 0, -1, -1, -1),): (1,), ((1, -1, -1, -1, -1),): (2,), ((0, -1, -1, -1, -1),): (0,), ((-1, -1, 1, -1, -1),): (1,), ((-1, -1, -1, -1, 1),): (2,), ((-1, -1, -1, 1, -1),): (4,), ((-1, -1, -1, -1, 0),): (2,), ((-1, 1, -1, -1, -1),): (3,), ((0, -1),): (0,)}
Q table final accu_reward is 2.650594 and time duration is 0.575789

test case 7

P Matrix is: 
[[(0.3361259078563388, 0.6638740921436612), (0.36330249943995296, 0.636697500560047)], [(0.3361259078563388, 0.6638740921436612), (0.36330249943995296, 0.636697500560047)], [(0.3361259078563388, 0.6638740921436612), (0.36330249943995296, 0.636697500560047)], [(0.3361259078563388, 0.6638740921436612), (0.36330249943995296, 0.636697500560047)], [(0.3361259078563388, 0.6638740921436612), (0.36330249943995296, 0.636697500560047)]]

Whittle Index final accu_reward is 4.033337 and time duration is 1.544246

count_cvg is 46
{((-1, -1, -1, 0, -1),): (3,), ((-1, -1, 0, -1, -1),): (2,), ((-1, 0, -1, -1, -1),): (3,), ((1, -1, -1, -1, -1),): (3,), ((0, -1, -1, -1, -1),): (0,), ((-1, -1, 1, -1, -1),): (1,), ((-1, -1, -1, -1, 1),): (1,), ((-1, -1, -1, 1, -1),): (4,), ((-1, -1, -1, -1, 0),): (2,), ((-1, 1, -1, -1, -1),): (3,), ((0, -1),): (0,)}
Q table final accu_reward is 1.938447 and time duration is 0.588232

test case 7

P Matrix is: 
[[(0.3361259078563388, 0.6638740921436612), (0.36330249943995296, 0.636697500560047)], [(0.3361259078563388, 0.6638740921436612), (0.36330249943995296, 0.636697500560047)], [(0.3361259078563388, 0.6638740921436612), (0.36330249943995296, 0.636697500560047)], [(0.3361259078563388, 0.6638740921436612), (0.36330249943995296, 0.636697500560047)], [(0.3361259078563388, 0.6638740921436612), (0.36330249943995296, 0.636697500560047)]]

Whittle Index final accu_reward is 3.933369 and time duration is 1.505731

count_cvg is 18
{((-1, -1, -1, 0, -1),): (3,), ((-1, -1, 0, -1, -1),): (2,), ((-1, 0, -1, -1, -1),): (1,), ((1, -1, -1, -1, -1),): (2,), ((0, -1, -1, -1, -1),): (0,), ((-1, -1, 1, -1, -1),): (1,), ((-1, -1, -1, -1, 1),): (0,), ((-1, -1, -1, 1, -1),): (0,), ((-1, -1, -1, -1, 0),): (4,), ((-1, 1, -1, -1, -1),): (0,), ((0, -1),): (0,)}
Q table final accu_reward is 3.280651 and time duration is 0.565788

test case 7

P Matrix is: 
[[(0.3361259078563388, 0.6638740921436612), (0.36330249943995296, 0.636697500560047)], [(0.3361259078563388, 0.6638740921436612), (0.36330249943995296, 0.636697500560047)], [(0.3361259078563388, 0.6638740921436612), (0.36330249943995296, 0.636697500560047)], [(0.3361259078563388, 0.6638740921436612), (0.36330249943995296, 0.636697500560047)], [(0.3361259078563388, 0.6638740921436612), (0.36330249943995296, 0.636697500560047)]]

Whittle Index final accu_reward is 2.599406 and time duration is 1.506261

count_cvg is 29
{((-1, -1, -1, 0, -1),): (3,), ((-1, -1, 0, -1, -1),): (2,), ((-1, 0, -1, -1, -1),): (2,), ((1, -1, -1, -1, -1),): (2,), ((0, -1, -1, -1, -1),): (0,), ((-1, -1, 1, -1, -1),): (4,), ((-1, -1, -1, -1, 1),): (2,), ((-1, -1, -1, 1, -1),): (0,), ((-1, -1, -1, -1, 0),): (4,), ((-1, 1, -1, -1, -1),): (2,), ((0, -1),): (0,)}
Q table final accu_reward is 4.184325 and time duration is 0.579801

test case 7

P Matrix is: 
[[(0.3361259078563388, 0.6638740921436612), (0.36330249943995296, 0.636697500560047)], [(0.3361259078563388, 0.6638740921436612), (0.36330249943995296, 0.636697500560047)], [(0.3361259078563388, 0.6638740921436612), (0.36330249943995296, 0.636697500560047)], [(0.3361259078563388, 0.6638740921436612), (0.36330249943995296, 0.636697500560047)], [(0.3361259078563388, 0.6638740921436612), (0.36330249943995296, 0.636697500560047)]]

Whittle Index final accu_reward is 2.903282 and time duration is 1.494019

count_cvg is 270
{((-1, -1, 0, -1, -1),): (2,), ((-1, -1, -1, 0, -1),): (3,), ((-1, 0, -1, -1, -1),): (1,), ((1, -1, -1, -1, -1),): (3,), ((0, -1, -1, -1, -1),): (0,), ((-1, -1, 1, -1, -1),): (1,), ((-1, -1, -1, -1, 1),): (0,), ((-1, -1, -1, 1, -1),): (0,), ((-1, -1, -1, -1, 0),): (4,), ((-1, 1, -1, -1, -1),): (0,), ((0, -1),): (0,)}
Q table final accu_reward is 4.390274 and time duration is 0.603965

test case 7

P Matrix is: 
[[(0.3361259078563388, 0.6638740921436612), (0.36330249943995296, 0.636697500560047)], [(0.3361259078563388, 0.6638740921436612), (0.36330249943995296, 0.636697500560047)], [(0.3361259078563388, 0.6638740921436612), (0.36330249943995296, 0.636697500560047)], [(0.3361259078563388, 0.6638740921436612), (0.36330249943995296, 0.636697500560047)], [(0.3361259078563388, 0.6638740921436612), (0.36330249943995296, 0.636697500560047)]]

Whittle Index final accu_reward is 3.109576 and time duration is 1.541760

count_cvg is 226
{((-1, -1, -1, 0, -1),): (2,), ((-1, -1, 0, -1, -1),): (2,), ((-1, 0, -1, -1, -1),): (1,), ((1, -1, -1, -1, -1),): (1,), ((0, -1, -1, -1, -1),): (0,), ((-1, -1, 1, -1, -1),): (1,), ((-1, -1, -1, -1, 1),): (3,), ((-1, -1, -1, 1, -1),): (0,), ((-1, -1, -1, -1, 0),): (0,), ((-1, 1, -1, -1, -1),): (3,), ((0, -1),): (0,)}
Q table final accu_reward is 2.336108 and time duration is 0.573379

test case 7

P Matrix is: 
[[(0.3361259078563388, 0.6638740921436612), (0.36330249943995296, 0.636697500560047)], [(0.3361259078563388, 0.6638740921436612), (0.36330249943995296, 0.636697500560047)], [(0.3361259078563388, 0.6638740921436612), (0.36330249943995296, 0.636697500560047)], [(0.3361259078563388, 0.6638740921436612), (0.36330249943995296, 0.636697500560047)], [(0.3361259078563388, 0.6638740921436612), (0.36330249943995296, 0.636697500560047)]]

Whittle Index final accu_reward is 1.878545 and time duration is 1.499011

count_cvg is 36
{((-1, -1, 0, -1, -1),): (2,), ((-1, -1, -1, 0, -1),): (3,), ((-1, 0, -1, -1, -1),): (1,), ((1, -1, -1, -1, -1),): (2,), ((0, -1, -1, -1, -1),): (0,), ((-1, -1, 1, -1, -1),): (4,), ((-1, -1, -1, -1, 1),): (1,), ((-1, -1, -1, 1, -1),): (4,), ((-1, -1, -1, -1, 0),): (4,), ((-1, 1, -1, -1, -1),): (2,), ((0, -1),): (0,)}
Q table final accu_reward is 4.422845 and time duration is 0.600594

test case 7

P Matrix is: 
[[(0.3361259078563388, 0.6638740921436612), (0.36330249943995296, 0.636697500560047)], [(0.3361259078563388, 0.6638740921436612), (0.36330249943995296, 0.636697500560047)], [(0.3361259078563388, 0.6638740921436612), (0.36330249943995296, 0.636697500560047)], [(0.3361259078563388, 0.6638740921436612), (0.36330249943995296, 0.636697500560047)], [(0.3361259078563388, 0.6638740921436612), (0.36330249943995296, 0.636697500560047)]]

Whittle Index final accu_reward is 3.547452 and time duration is 1.511147

count_cvg is 120
{((-1, -1, 0, -1, -1),): (4,), ((-1, -1, -1, 0, -1),): (3,), ((-1, 0, -1, -1, -1),): (1,), ((1, -1, -1, -1, -1),): (4,), ((0, -1, -1, -1, -1),): (0,), ((-1, -1, 1, -1, -1),): (4,), ((-1, -1, -1, -1, 1),): (0,), ((-1, -1, -1, 1, -1),): (0,), ((-1, -1, -1, -1, 0),): (4,), ((-1, 1, -1, -1, -1),): (0,), ((0, -1),): (0,)}
Q table final accu_reward is 3.691209 and time duration is 0.611746

