test case 2

P Matrix is: 
[[(0.010283908478213033, 0.989716091521787), (0.8717065395980778, 0.12829346040192224)], [(0.010283908478213033, 0.989716091521787), (0.8717065395980778, 0.12829346040192224)], [(0.010283908478213033, 0.989716091521787), (0.8717065395980778, 0.12829346040192224)], [(0.010283908478213033, 0.989716091521787), (0.8717065395980778, 0.12829346040192224)], [(0.010283908478213033, 0.989716091521787), (0.8717065395980778, 0.12829346040192224)]]

Whittle Index final accu_reward is 3.462541 and time duration is 1.519850

count_cvg is 17
{((-1, -1, -1, 0, -1),): (3,), ((-1, -1, 0, -1, -1),): (2,), ((-1, 0, -1, -1, -1),): (1,), ((1, -1, -1, -1, -1),): (4,), ((0, -1, -1, -1, -1),): (0,), ((-1, -1, 1, -1, -1),): (1,), ((-1, -1, -1, -1, 1),): (1,), ((-1, -1, -1, 1, -1),): (4,), ((-1, -1, -1, -1, 0),): (4,), ((-1, 1, -1, -1, -1),): (2,), ((0, -1),): (0,)}
Q table final accu_reward is 4.960157 and time duration is 0.564837

test case 2

P Matrix is: 
[[(0.010283908478213033, 0.989716091521787), (0.8717065395980778, 0.12829346040192224)], [(0.010283908478213033, 0.989716091521787), (0.8717065395980778, 0.12829346040192224)], [(0.010283908478213033, 0.989716091521787), (0.8717065395980778, 0.12829346040192224)], [(0.010283908478213033, 0.989716091521787), (0.8717065395980778, 0.12829346040192224)], [(0.010283908478213033, 0.989716091521787), (0.8717065395980778, 0.12829346040192224)]]

Whittle Index final accu_reward is 4.129784 and time duration is 1.495694

count_cvg is 65
{((-1, -1, -1, 0, -1),): (3,), ((-1, -1, 0, -1, -1),): (2,), ((-1, 0, -1, -1, -1),): (1,), ((1, -1, -1, -1, -1),): (2,), ((0, -1, -1, -1, -1),): (0,), ((-1, -1, 1, -1, -1),): (3,), ((-1, -1, -1, -1, 1),): (3,), ((-1, -1, -1, 1, -1),): (0,), ((-1, -1, -1, -1, 0),): (4,), ((-1, 1, -1, -1, -1),): (0,), ((0, -1),): (0,)}
Q table final accu_reward is 3.539248 and time duration is 0.588512

test case 2

P Matrix is: 
[[(0.010283908478213033, 0.989716091521787), (0.8717065395980778, 0.12829346040192224)], [(0.010283908478213033, 0.989716091521787), (0.8717065395980778, 0.12829346040192224)], [(0.010283908478213033, 0.989716091521787), (0.8717065395980778, 0.12829346040192224)], [(0.010283908478213033, 0.989716091521787), (0.8717065395980778, 0.12829346040192224)], [(0.010283908478213033, 0.989716091521787), (0.8717065395980778, 0.12829346040192224)]]

Whittle Index final accu_reward is 3.597599 and time duration is 1.531563

count_cvg is 121
{((-1, -1, -1, 0, -1),): (3,), ((-1, -1, 0, -1, -1),): (2,), ((-1, 0, -1, -1, -1),): (1,), ((1, -1, -1, -1, -1),): (2,), ((0, -1, -1, -1, -1),): (0,), ((-1, -1, 1, -1, -1),): (3,), ((-1, -1, -1, -1, 1),): (2,), ((-1, -1, -1, 1, -1),): (0,), ((-1, -1, -1, -1, 0),): (4,), ((-1, 1, -1, -1, -1),): (3,), ((0, -1),): (0,)}
Q table final accu_reward is 3.992625 and time duration is 0.575285

test case 2

P Matrix is: 
[[(0.010283908478213033, 0.989716091521787), (0.8717065395980778, 0.12829346040192224)], [(0.010283908478213033, 0.989716091521787), (0.8717065395980778, 0.12829346040192224)], [(0.010283908478213033, 0.989716091521787), (0.8717065395980778, 0.12829346040192224)], [(0.010283908478213033, 0.989716091521787), (0.8717065395980778, 0.12829346040192224)], [(0.010283908478213033, 0.989716091521787), (0.8717065395980778, 0.12829346040192224)]]

Whittle Index final accu_reward is 4.753640 and time duration is 1.508273

count_cvg is 5
{((-1, -1, -1, 0, -1),): (3,), ((-1, -1, 0, -1, -1),): (2,), ((-1, 0, -1, -1, -1),): (1,), ((1, -1, -1, -1, -1),): (2,), ((0, -1, -1, -1, -1),): (0,), ((-1, -1, 1, -1, -1),): (0,), ((-1, -1, -1, -1, 1),): (0,), ((-1, -1, -1, 1, -1),): (0,), ((-1, -1, -1, -1, 0),): (4,), ((-1, 1, -1, -1, -1),): (4,), ((0, -1),): (0,)}
Q table final accu_reward is 2.876384 and time duration is 0.605336

test case 2

P Matrix is: 
[[(0.010283908478213033, 0.989716091521787), (0.8717065395980778, 0.12829346040192224)], [(0.010283908478213033, 0.989716091521787), (0.8717065395980778, 0.12829346040192224)], [(0.010283908478213033, 0.989716091521787), (0.8717065395980778, 0.12829346040192224)], [(0.010283908478213033, 0.989716091521787), (0.8717065395980778, 0.12829346040192224)], [(0.010283908478213033, 0.989716091521787), (0.8717065395980778, 0.12829346040192224)]]

Whittle Index final accu_reward is 3.609862 and time duration is 1.579128

count_cvg is 74
{((-1, -1, -1, 0, -1),): (3,), ((-1, -1, 0, -1, -1),): (2,), ((-1, 0, -1, -1, -1),): (1,), ((1, -1, -1, -1, -1),): (1,), ((0, -1, -1, -1, -1),): (0,), ((-1, -1, 1, -1, -1),): (0,), ((-1, -1, -1, -1, 1),): (3,), ((-1, -1, -1, 1, -1),): (1,), ((-1, -1, -1, -1, 0),): (4,), ((-1, 1, -1, -1, -1),): (2,), ((0, -1),): (0,)}
Q table final accu_reward is 3.527459 and time duration is 0.568350

test case 2

P Matrix is: 
[[(0.010283908478213033, 0.989716091521787), (0.8717065395980778, 0.12829346040192224)], [(0.010283908478213033, 0.989716091521787), (0.8717065395980778, 0.12829346040192224)], [(0.010283908478213033, 0.989716091521787), (0.8717065395980778, 0.12829346040192224)], [(0.010283908478213033, 0.989716091521787), (0.8717065395980778, 0.12829346040192224)], [(0.010283908478213033, 0.989716091521787), (0.8717065395980778, 0.12829346040192224)]]

Whittle Index final accu_reward is 4.570567 and time duration is 1.529375

count_cvg is 32
{((-1, -1, 0, -1, -1),): (2,), ((-1, -1, -1, 0, -1),): (3,), ((-1, 0, -1, -1, -1),): (1,), ((1, -1, -1, -1, -1),): (4,), ((0, -1, -1, -1, -1),): (0,), ((-1, -1, -1, 1, -1),): (2,), ((-1, -1, -1, -1, 1),): (1,), ((-1, -1, 1, -1, -1),): (4,), ((-1, -1, -1, -1, 0),): (4,), ((-1, 1, -1, -1, -1),): (3,), ((0, -1),): (0,)}
Q table final accu_reward is 2.815889 and time duration is 0.589089

test case 2

P Matrix is: 
[[(0.010283908478213033, 0.989716091521787), (0.8717065395980778, 0.12829346040192224)], [(0.010283908478213033, 0.989716091521787), (0.8717065395980778, 0.12829346040192224)], [(0.010283908478213033, 0.989716091521787), (0.8717065395980778, 0.12829346040192224)], [(0.010283908478213033, 0.989716091521787), (0.8717065395980778, 0.12829346040192224)], [(0.010283908478213033, 0.989716091521787), (0.8717065395980778, 0.12829346040192224)]]

Whittle Index final accu_reward is 3.122635 and time duration is 1.526799

count_cvg is 2
{((-1, -1, -1, 0, -1),): (3,), ((-1, -1, 0, -1, -1),): (2,), ((-1, 0, -1, -1, -1),): (1,), ((1, -1, -1, -1, -1),): (3,), ((0, -1, -1, -1, -1),): (0,), ((-1, -1, -1, 1, -1),): (4,), ((-1, -1, -1, -1, 1),): (1,), ((-1, -1, 1, -1, -1),): (0,), ((-1, -1, -1, -1, 0),): (4,), ((-1, 1, -1, -1, -1),): (2,), ((0, -1),): (0,)}
Q table final accu_reward is 3.557104 and time duration is 0.575616

test case 2

P Matrix is: 
[[(0.010283908478213033, 0.989716091521787), (0.8717065395980778, 0.12829346040192224)], [(0.010283908478213033, 0.989716091521787), (0.8717065395980778, 0.12829346040192224)], [(0.010283908478213033, 0.989716091521787), (0.8717065395980778, 0.12829346040192224)], [(0.010283908478213033, 0.989716091521787), (0.8717065395980778, 0.12829346040192224)], [(0.010283908478213033, 0.989716091521787), (0.8717065395980778, 0.12829346040192224)]]

Whittle Index final accu_reward is 4.892158 and time duration is 1.508974

count_cvg is 139
{((-1, -1, -1, 0, -1),): (3,), ((-1, -1, 0, -1, -1),): (2,), ((-1, 0, -1, -1, -1),): (1,), ((1, -1, -1, -1, -1),): (3,), ((0, -1, -1, -1, -1),): (0,), ((-1, -1, 1, -1, -1),): (0,), ((-1, -1, -1, -1, 1),): (0,), ((-1, -1, -1, 1, -1),): (4,), ((-1, -1, -1, -1, 0),): (4,), ((-1, 1, -1, -1, -1),): (0,), ((0, -1),): (0,)}
Q table final accu_reward is 3.138202 and time duration is 0.579500

test case 2

P Matrix is: 
[[(0.010283908478213033, 0.989716091521787), (0.8717065395980778, 0.12829346040192224)], [(0.010283908478213033, 0.989716091521787), (0.8717065395980778, 0.12829346040192224)], [(0.010283908478213033, 0.989716091521787), (0.8717065395980778, 0.12829346040192224)], [(0.010283908478213033, 0.989716091521787), (0.8717065395980778, 0.12829346040192224)], [(0.010283908478213033, 0.989716091521787), (0.8717065395980778, 0.12829346040192224)]]

Whittle Index final accu_reward is 4.568946 and time duration is 1.494417

count_cvg is 3
{((-1, -1, -1, 0, -1),): (3,), ((-1, -1, 0, -1, -1),): (2,), ((-1, 0, -1, -1, -1),): (1,), ((1, -1, -1, -1, -1),): (3,), ((0, -1, -1, -1, -1),): (0,), ((-1, -1, 1, -1, -1),): (3,), ((-1, -1, -1, -1, 1),): (2,), ((-1, -1, -1, 1, -1),): (0,), ((-1, -1, -1, -1, 0),): (4,), ((-1, 1, -1, -1, -1),): (4,), ((0, -1),): (0,)}
Q table final accu_reward is 3.048323 and time duration is 0.582623

test case 2

P Matrix is: 
[[(0.010283908478213033, 0.989716091521787), (0.8717065395980778, 0.12829346040192224)], [(0.010283908478213033, 0.989716091521787), (0.8717065395980778, 0.12829346040192224)], [(0.010283908478213033, 0.989716091521787), (0.8717065395980778, 0.12829346040192224)], [(0.010283908478213033, 0.989716091521787), (0.8717065395980778, 0.12829346040192224)], [(0.010283908478213033, 0.989716091521787), (0.8717065395980778, 0.12829346040192224)]]

Whittle Index final accu_reward is 4.789159 and time duration is 1.505725

count_cvg is 15
{((-1, -1, -1, 0, -1),): (3,), ((-1, -1, 0, -1, -1),): (2,), ((-1, 0, -1, -1, -1),): (1,), ((1, -1, -1, -1, -1),): (4,), ((0, -1, -1, -1, -1),): (0,), ((-1, -1, 1, -1, -1),): (1,), ((-1, -1, -1, -1, 1),): (1,), ((-1, -1, -1, 1, -1),): (2,), ((-1, -1, -1, -1, 0),): (4,), ((-1, 1, -1, -1, -1),): (3,), ((0, -1),): (0,)}
Q table final accu_reward is 2.507812 and time duration is 0.594607

