test case 7

P Matrix is: 
[[(0.27693835907832576, 0.7230616409216742), (0.7533081852162212, 0.24669181478377877)], [(0.27693835907832576, 0.7230616409216742), (0.7533081852162212, 0.24669181478377877)]]

Whittle Index final accu_reward is 0.606560 and time duration is 0.597359

count_cvg is 1284
{((0, 1), (0, 1)): (1,), ((0, 3), (1, 1)): (0,), ((1, 1), (1, 3)): (1,), ((1, 1), (0, 1)): (1,), ((0, 1), (1, 2)): (0,), ((1, 1), (1, 1)): (1,), ((1, 3), (0, 1)): (1,), ((0, 1), (1, 4)): (0,), ((0, 4), (0, 1)): (1,), ((0, 1), (1, 1)): (0,), ((1, 2), (0, 1)): (1,), ((1, 2), (1, 1)): (0,), ((0, 1), (0, 3)): (0,), ((0, 4), (1, 1)): (0,), ((0, 2), (0, 1)): (1,), ((1, 1), (0, 4)): (1,), ((1, 1), (1, 2)): (1,), ((1, 3), (1, 1)): (0,), ((1, 1), (1, 4)): (1,), ((1, 1), (0, 3)): (1,), ((0, 1), (0, 4)): (0,), ((0, 2), (1, 1)): (0,), ((1, 1), (0, 2)): (1,), ((0, 3), (0, 1)): (1,), ((1, 4), (0, 1)): (1,), ((0, 1), (1, 3)): (0,), ((0, 1), (0, 2)): (0,), ((1, 4), (1, 1)): (0,)}
Q table_suff final accu_reward is 0.607180 and time duration is 14.771432

test case 7

P Matrix is: 
[[(0.27693835907832576, 0.7230616409216742), (0.7533081852162212, 0.24669181478377877)], [(0.27693835907832576, 0.7230616409216742), (0.7533081852162212, 0.24669181478377877)]]

Whittle Index final accu_reward is 0.609680 and time duration is 0.830684

count_cvg is 694
{((0, 1), (0, 1)): (0,), ((0, 3), (1, 1)): (0,), ((1, 3), (1, 1)): (0,), ((1, 1), (0, 1)): (1,), ((0, 1), (1, 2)): (0,), ((1, 1), (1, 1)): (0,), ((1, 3), (0, 1)): (1,), ((0, 1), (1, 4)): (0,), ((0, 4), (0, 1)): (1,), ((0, 1), (1, 1)): (0,), ((1, 2), (0, 1)): (1,), ((1, 2), (1, 1)): (0,), ((0, 1), (0, 3)): (0,), ((0, 4), (1, 1)): (0,), ((1, 1), (1, 2)): (1,), ((1, 1), (0, 4)): (1,), ((0, 2), (0, 1)): (1,), ((1, 1), (1, 3)): (1,), ((1, 1), (1, 4)): (1,), ((1, 1), (0, 3)): (1,), ((0, 1), (0, 4)): (0,), ((0, 2), (1, 1)): (0,), ((1, 1), (0, 2)): (1,), ((0, 3), (0, 1)): (1,), ((1, 4), (0, 1)): (1,), ((0, 1), (1, 3)): (0,), ((0, 1), (0, 2)): (0,), ((1, 4), (1, 1)): (0,)}
Q table_suff final accu_reward is 0.606840 and time duration is 22.271644

test case 7

P Matrix is: 
[[(0.27693835907832576, 0.7230616409216742), (0.7533081852162212, 0.24669181478377877)], [(0.27693835907832576, 0.7230616409216742), (0.7533081852162212, 0.24669181478377877)]]

Whittle Index final accu_reward is 0.609180 and time duration is 1.069485

count_cvg is 60
{((0, 1), (0, 1)): (0,), ((0, 3), (1, 1)): (0,), ((1, 1), (1, 3)): (1,), ((1, 1), (0, 1)): (1,), ((1, 2), (0, 1)): (1,), ((1, 1), (1, 1)): (1,), ((1, 3), (0, 1)): (1,), ((0, 1), (1, 4)): (0,), ((0, 4), (0, 1)): (1,), ((0, 1), (1, 1)): (0,), ((0, 1), (1, 2)): (0,), ((1, 2), (1, 1)): (0,), ((0, 1), (0, 3)): (0,), ((0, 4), (1, 1)): (0,), ((0, 2), (0, 1)): (1,), ((1, 1), (0, 4)): (1,), ((1, 1), (1, 2)): (1,), ((1, 3), (1, 1)): (0,), ((1, 1), (1, 4)): (1,), ((1, 1), (0, 3)): (1,), ((0, 1), (0, 4)): (0,), ((1, 1), (0, 2)): (1,), ((0, 2), (1, 1)): (0,), ((0, 3), (0, 1)): (1,), ((1, 4), (0, 1)): (0,), ((0, 1), (1, 3)): (0,), ((0, 1), (0, 2)): (0,), ((1, 4), (1, 1)): (0,)}
Q table_suff final accu_reward is 0.603500 and time duration is 15.443973

test case 7

P Matrix is: 
[[(0.27693835907832576, 0.7230616409216742), (0.7533081852162212, 0.24669181478377877)], [(0.27693835907832576, 0.7230616409216742), (0.7533081852162212, 0.24669181478377877)]]

Whittle Index final accu_reward is 0.606620 and time duration is 0.945779

count_cvg is 49
{((0, 1), (0, 1)): (1,), ((0, 3), (1, 1)): (0,), ((1, 3), (1, 1)): (0,), ((1, 1), (0, 1)): (1,), ((1, 2), (0, 1)): (1,), ((1, 1), (1, 1)): (0,), ((1, 3), (0, 1)): (1,), ((0, 1), (1, 4)): (0,), ((0, 4), (0, 1)): (1,), ((0, 1), (1, 1)): (0,), ((0, 1), (1, 2)): (0,), ((0, 1), (0, 3)): (0,), ((0, 4), (1, 1)): (0,), ((1, 1), (1, 2)): (1,), ((1, 1), (0, 4)): (1,), ((0, 2), (0, 1)): (1,), ((1, 1), (1, 3)): (1,), ((1, 1), (1, 4)): (1,), ((1, 1), (0, 3)): (1,), ((0, 1), (0, 4)): (0,), ((0, 2), (1, 1)): (0,), ((1, 1), (0, 2)): (1,), ((0, 3), (0, 1)): (1,), ((0, 1), (0, 2)): (0,), ((1, 4), (0, 1)): (0,), ((0, 1), (1, 3)): (0,), ((1, 2), (1, 1)): (0,), ((1, 4), (1, 1)): (0,)}
Q table_suff final accu_reward is 0.606900 and time duration is 15.124305

test case 7

P Matrix is: 
[[(0.27693835907832576, 0.7230616409216742), (0.7533081852162212, 0.24669181478377877)], [(0.27693835907832576, 0.7230616409216742), (0.7533081852162212, 0.24669181478377877)]]

Whittle Index final accu_reward is 0.610020 and time duration is 0.805371

count_cvg is 248
{((0, 1), (0, 1)): (1,), ((0, 3), (1, 1)): (0,), ((1, 3), (1, 1)): (0,), ((1, 1), (0, 1)): (1,), ((1, 2), (0, 1)): (1,), ((1, 1), (1, 1)): (0,), ((1, 3), (0, 1)): (1,), ((0, 1), (1, 4)): (0,), ((0, 4), (0, 1)): (1,), ((0, 1), (1, 1)): (0,), ((0, 1), (1, 2)): (0,), ((1, 2), (1, 1)): (0,), ((0, 1), (0, 3)): (0,), ((0, 4), (1, 1)): (0,), ((0, 2), (0, 1)): (1,), ((1, 1), (0, 4)): (1,), ((1, 1), (1, 2)): (1,), ((1, 1), (1, 3)): (1,), ((1, 1), (1, 4)): (1,), ((1, 1), (0, 3)): (1,), ((0, 1), (0, 4)): (0,), ((1, 1), (0, 2)): (1,), ((0, 2), (1, 1)): (0,), ((0, 3), (0, 1)): (1,), ((1, 4), (0, 1)): (1,), ((0, 1), (1, 3)): (0,), ((0, 1), (0, 2)): (0,), ((1, 4), (1, 1)): (0,)}
Q table_suff final accu_reward is 0.607520 and time duration is 13.208357

test case 7

P Matrix is: 
[[(0.27693835907832576, 0.7230616409216742), (0.7533081852162212, 0.24669181478377877)], [(0.27693835907832576, 0.7230616409216742), (0.7533081852162212, 0.24669181478377877)]]

Whittle Index final accu_reward is 0.606160 and time duration is 0.801100

count_cvg is 650
{((0, 1), (0, 1)): (1,), ((0, 3), (1, 1)): (0,), ((1, 3), (1, 1)): (0,), ((1, 1), (0, 1)): (1,), ((1, 2), (0, 1)): (1,), ((1, 1), (1, 1)): (1,), ((1, 3), (0, 1)): (1,), ((0, 1), (1, 4)): (0,), ((0, 4), (0, 1)): (1,), ((0, 1), (1, 1)): (0,), ((0, 1), (1, 2)): (0,), ((0, 1), (0, 3)): (0,), ((0, 4), (1, 1)): (0,), ((1, 1), (1, 2)): (1,), ((1, 1), (0, 4)): (1,), ((0, 2), (0, 1)): (1,), ((1, 1), (1, 3)): (1,), ((1, 1), (1, 4)): (1,), ((1, 1), (0, 3)): (1,), ((0, 1), (0, 4)): (0,), ((1, 1), (0, 2)): (1,), ((0, 2), (1, 1)): (0,), ((0, 3), (0, 1)): (1,), ((0, 1), (0, 2)): (0,), ((1, 4), (0, 1)): (1,), ((0, 1), (1, 3)): (0,), ((1, 2), (1, 1)): (0,), ((1, 4), (1, 1)): (0,)}
Q table_suff final accu_reward is 0.606120 and time duration is 14.828211

test case 7

P Matrix is: 
[[(0.27693835907832576, 0.7230616409216742), (0.7533081852162212, 0.24669181478377877)], [(0.27693835907832576, 0.7230616409216742), (0.7533081852162212, 0.24669181478377877)]]

Whittle Index final accu_reward is 0.609460 and time duration is 0.689816

