test case 2

P Matrix is: 
[[(0.21578205259066374, 0.7842179474093363), (0.6146144393158014, 0.3853855606841986)], [(0.21578205259066374, 0.7842179474093363), (0.6146144393158014, 0.3853855606841986)]]

Whittle Index final accu_reward is 0.656120 and time duration is 0.830828

count_cvg is 1737
{((0, 1), (0, 1)): (0,), ((0, 3), (1, 1)): (0,), ((1, 3), (1, 1)): (0,), ((1, 1), (0, 1)): (1,), ((1, 2), (0, 1)): (1,), ((1, 1), (1, 1)): (0,), ((1, 3), (0, 1)): (1,), ((0, 1), (1, 4)): (0,), ((0, 4), (0, 1)): (1,), ((0, 1), (1, 1)): (0,), ((0, 1), (1, 2)): (0,), ((0, 1), (0, 3)): (0,), ((0, 4), (1, 1)): (0,), ((1, 1), (1, 2)): (1,), ((1, 1), (0, 4)): (1,), ((0, 2), (0, 1)): (1,), ((1, 1), (1, 3)): (1,), ((1, 1), (1, 4)): (1,), ((1, 1), (0, 3)): (1,), ((0, 1), (0, 4)): (0,), ((1, 1), (0, 2)): (1,), ((0, 2), (1, 1)): (0,), ((0, 3), (0, 1)): (1,), ((0, 1), (0, 2)): (0,), ((1, 4), (0, 1)): (1,), ((0, 1), (1, 3)): (0,), ((1, 2), (1, 1)): (0,), ((1, 4), (1, 1)): (0,)}
Q table_suff final accu_reward is 0.655460 and time duration is 14.441704

test case 2

P Matrix is: 
[[(0.21578205259066374, 0.7842179474093363), (0.6146144393158014, 0.3853855606841986)], [(0.21578205259066374, 0.7842179474093363), (0.6146144393158014, 0.3853855606841986)]]

Whittle Index final accu_reward is 0.661960 and time duration is 0.512124

count_cvg is 16
{((0, 1), (0, 1)): (0,), ((0, 3), (1, 1)): (0,), ((1, 1), (1, 3)): (1,), ((1, 1), (0, 1)): (1,), ((1, 2), (0, 1)): (1,), ((1, 1), (1, 1)): (0,), ((1, 3), (0, 1)): (1,), ((0, 1), (1, 4)): (0,), ((0, 4), (0, 1)): (1,), ((0, 1), (1, 1)): (0,), ((0, 1), (1, 2)): (0,), ((1, 2), (1, 1)): (0,), ((0, 1), (0, 3)): (0,), ((0, 4), (1, 1)): (0,), ((1, 1), (1, 2)): (1,), ((1, 1), (0, 4)): (1,), ((0, 2), (0, 1)): (1,), ((1, 3), (1, 1)): (0,), ((1, 1), (1, 4)): (1,), ((1, 1), (0, 3)): (1,), ((0, 1), (0, 4)): (0,), ((0, 2), (1, 1)): (0,), ((1, 1), (0, 2)): (1,), ((0, 3), (0, 1)): (1,), ((1, 4), (0, 1)): (1,), ((0, 1), (1, 3)): (0,), ((0, 1), (0, 2)): (0,), ((1, 4), (1, 1)): (0,)}
Q table_suff final accu_reward is 0.660340 and time duration is 14.323269

test case 2

P Matrix is: 
[[(0.21578205259066374, 0.7842179474093363), (0.6146144393158014, 0.3853855606841986)], [(0.21578205259066374, 0.7842179474093363), (0.6146144393158014, 0.3853855606841986)]]

Whittle Index final accu_reward is 0.659080 and time duration is 0.553272

count_cvg is 382
{((0, 1), (0, 1)): (1,), ((0, 3), (1, 1)): (0,), ((1, 1), (1, 3)): (1,), ((1, 1), (0, 1)): (1,), ((0, 1), (1, 2)): (0,), ((1, 1), (1, 1)): (0,), ((1, 3), (0, 1)): (1,), ((0, 1), (1, 4)): (0,), ((0, 4), (0, 1)): (1,), ((0, 1), (1, 1)): (0,), ((1, 2), (0, 1)): (1,), ((0, 1), (0, 3)): (0,), ((0, 4), (1, 1)): (0,), ((0, 2), (0, 1)): (1,), ((1, 1), (0, 4)): (1,), ((1, 1), (1, 2)): (1,), ((1, 3), (1, 1)): (0,), ((1, 1), (1, 4)): (1,), ((1, 1), (0, 3)): (1,), ((0, 1), (0, 4)): (0,), ((0, 2), (1, 1)): (0,), ((1, 1), (0, 2)): (1,), ((0, 3), (0, 1)): (1,), ((0, 1), (0, 2)): (0,), ((1, 4), (0, 1)): (1,), ((0, 1), (1, 3)): (0,), ((1, 2), (1, 1)): (0,), ((1, 4), (1, 1)): (0,)}
Q table_suff final accu_reward is 0.659920 and time duration is 14.555594

test case 2

P Matrix is: 
[[(0.21578205259066374, 0.7842179474093363), (0.6146144393158014, 0.3853855606841986)], [(0.21578205259066374, 0.7842179474093363), (0.6146144393158014, 0.3853855606841986)]]

Whittle Index final accu_reward is 0.660600 and time duration is 0.732696

count_cvg is 15000
{((0, 1), (0, 1)): (1,), ((0, 3), (1, 1)): (0,), ((1, 3), (1, 1)): (0,), ((1, 1), (0, 1)): (1,), ((1, 2), (0, 1)): (1,), ((1, 1), (1, 1)): (0,), ((1, 3), (0, 1)): (1,), ((0, 1), (1, 4)): (0,), ((0, 4), (0, 1)): (1,), ((0, 1), (1, 1)): (0,), ((0, 1), (1, 2)): (0,), ((1, 2), (1, 1)): (0,), ((0, 1), (0, 3)): (0,), ((0, 4), (1, 1)): (0,), ((0, 2), (0, 1)): (1,), ((1, 1), (0, 4)): (1,), ((1, 1), (1, 2)): (1,), ((1, 1), (1, 3)): (1,), ((1, 1), (1, 4)): (1,), ((1, 1), (0, 3)): (1,), ((0, 1), (0, 4)): (0,), ((0, 2), (1, 1)): (0,), ((1, 1), (0, 2)): (1,), ((0, 3), (0, 1)): (1,), ((1, 4), (0, 1)): (1,), ((0, 1), (1, 3)): (0,), ((0, 1), (0, 2)): (0,), ((1, 4), (1, 1)): (0,)}
Q table_suff final accu_reward is 0.657820 and time duration is 14.086652

test case 2

P Matrix is: 
[[(0.21578205259066374, 0.7842179474093363), (0.6146144393158014, 0.3853855606841986)], [(0.21578205259066374, 0.7842179474093363), (0.6146144393158014, 0.3853855606841986)]]

Whittle Index final accu_reward is 0.659640 and time duration is 0.836270

count_cvg is 1765
{((0, 1), (0, 1)): (1,), ((0, 3), (1, 1)): (0,), ((1, 1), (1, 3)): (1,), ((1, 1), (0, 1)): (1,), ((0, 1), (1, 2)): (0,), ((1, 1), (1, 1)): (1,), ((1, 3), (0, 1)): (1,), ((0, 1), (1, 4)): (0,), ((0, 4), (0, 1)): (1,), ((0, 1), (1, 1)): (0,), ((1, 2), (0, 1)): (1,), ((0, 1), (0, 3)): (0,), ((0, 4), (1, 1)): (0,), ((0, 2), (0, 1)): (1,), ((1, 1), (0, 4)): (1,), ((1, 1), (1, 2)): (1,), ((1, 3), (1, 1)): (0,), ((1, 1), (1, 4)): (1,), ((1, 1), (0, 3)): (1,), ((0, 1), (0, 4)): (0,), ((0, 2), (1, 1)): (0,), ((1, 1), (0, 2)): (1,), ((0, 3), (0, 1)): (1,), ((0, 1), (0, 2)): (0,), ((1, 4), (0, 1)): (1,), ((0, 1), (1, 3)): (0,), ((1, 2), (1, 1)): (0,), ((1, 4), (1, 1)): (0,)}
Q table_suff final accu_reward is 0.659400 and time duration is 14.268123

test case 2

P Matrix is: 
[[(0.21578205259066374, 0.7842179474093363), (0.6146144393158014, 0.3853855606841986)], [(0.21578205259066374, 0.7842179474093363), (0.6146144393158014, 0.3853855606841986)]]

Whittle Index final accu_reward is 0.658020 and time duration is 0.921199

count_cvg is 15000
{((0, 1), (0, 1)): (0,), ((0, 3), (1, 1)): (0,), ((1, 3), (1, 1)): (0,), ((1, 1), (0, 1)): (1,), ((0, 1), (1, 2)): (0,), ((1, 1), (1, 1)): (1,), ((1, 3), (0, 1)): (1,), ((0, 1), (1, 4)): (0,), ((0, 4), (0, 1)): (1,), ((0, 1), (1, 1)): (0,), ((1, 2), (0, 1)): (1,), ((0, 1), (0, 3)): (0,), ((0, 4), (1, 1)): (0,), ((1, 1), (1, 2)): (1,), ((1, 1), (0, 4)): (1,), ((0, 2), (0, 1)): (1,), ((1, 1), (1, 3)): (1,), ((1, 1), (1, 4)): (1,), ((1, 1), (0, 3)): (1,), ((0, 1), (0, 4)): (0,), ((0, 2), (1, 1)): (0,), ((1, 1), (0, 2)): (1,), ((0, 3), (0, 1)): (1,), ((0, 1), (0, 2)): (0,), ((1, 4), (0, 1)): (1,), ((0, 1), (1, 3)): (0,), ((1, 2), (1, 1)): (0,), ((1, 4), (1, 1)): (0,)}
Q table_suff final accu_reward is 0.656000 and time duration is 14.233576

test case 2

P Matrix is: 
[[(0.21578205259066374, 0.7842179474093363), (0.6146144393158014, 0.3853855606841986)], [(0.21578205259066374, 0.7842179474093363), (0.6146144393158014, 0.3853855606841986)]]

Whittle Index final accu_reward is 0.660660 and time duration is 0.919423

count_cvg is 137
{((0, 1), (0, 1)): (1,), ((0, 3), (1, 1)): (0,), ((1, 1), (1, 3)): (1,), ((1, 1), (0, 1)): (1,), ((1, 2), (0, 1)): (1,), ((1, 1), (1, 1)): (1,), ((1, 3), (0, 1)): (1,), ((0, 1), (1, 4)): (0,), ((0, 4), (0, 1)): (1,), ((0, 1), (1, 1)): (0,), ((0, 1), (1, 2)): (0,), ((0, 1), (0, 3)): (0,), ((0, 4), (1, 1)): (0,), ((0, 2), (0, 1)): (1,), ((1, 1), (0, 4)): (1,), ((1, 1), (1, 2)): (1,), ((1, 3), (1, 1)): (0,), ((1, 1), (1, 4)): (1,), ((1, 1), (0, 3)): (1,), ((0, 1), (0, 4)): (0,), ((1, 1), (0, 2)): (1,), ((0, 2), (1, 1)): (0,), ((0, 3), (0, 1)): (1,), ((0, 1), (0, 2)): (0,), ((1, 4), (0, 1)): (1,), ((0, 1), (1, 3)): (0,), ((1, 2), (1, 1)): (0,), ((1, 4), (1, 1)): (0,)}
Q table_suff final accu_reward is 0.660780 and time duration is 14.499177

test case 2

P Matrix is: 
[[(0.21578205259066374, 0.7842179474093363), (0.6146144393158014, 0.3853855606841986)], [(0.21578205259066374, 0.7842179474093363), (0.6146144393158014, 0.3853855606841986)]]

Whittle Index final accu_reward is 0.656920 and time duration is 0.627975

count_cvg is 15000
{((0, 1), (0, 1)): (0,), ((0, 3), (1, 1)): (0,), ((1, 1), (1, 3)): (1,), ((1, 1), (0, 1)): (1,), ((0, 1), (1, 2)): (0,), ((1, 1), (1, 1)): (1,), ((1, 3), (0, 1)): (1,), ((0, 1), (1, 4)): (0,), ((0, 4), (0, 1)): (1,), ((0, 1), (1, 1)): (0,), ((1, 2), (0, 1)): (1,), ((0, 1), (0, 3)): (0,), ((0, 4), (1, 1)): (0,), ((0, 2), (0, 1)): (1,), ((1, 1), (0, 4)): (1,), ((1, 1), (1, 2)): (1,), ((1, 3), (1, 1)): (0,), ((1, 1), (1, 4)): (1,), ((1, 1), (0, 3)): (1,), ((0, 1), (0, 4)): (0,), ((0, 2), (1, 1)): (0,), ((1, 1), (0, 2)): (1,), ((0, 3), (0, 1)): (1,), ((0, 1), (0, 2)): (0,), ((1, 4), (0, 1)): (1,), ((0, 1), (1, 3)): (0,), ((1, 2), (1, 1)): (0,), ((1, 4), (1, 1)): (0,)}
Q table_suff final accu_reward is 0.661360 and time duration is 14.384617

test case 2

P Matrix is: 
[[(0.21578205259066374, 0.7842179474093363), (0.6146144393158014, 0.3853855606841986)], [(0.21578205259066374, 0.7842179474093363), (0.6146144393158014, 0.3853855606841986)]]

Whittle Index final accu_reward is 0.658640 and time duration is 0.791872

count_cvg is 76
{((0, 1), (0, 1)): (1,), ((0, 3), (1, 1)): (0,), ((1, 3), (1, 1)): (0,), ((1, 1), (0, 1)): (1,), ((0, 1), (1, 2)): (0,), ((1, 1), (1, 1)): (0,), ((1, 3), (0, 1)): (1,), ((0, 1), (1, 4)): (0,), ((0, 4), (0, 1)): (1,), ((0, 1), (1, 1)): (0,), ((1, 2), (0, 1)): (1,), ((0, 1), (0, 3)): (0,), ((0, 4), (1, 1)): (0,), ((0, 2), (0, 1)): (1,), ((1, 1), (0, 4)): (1,), ((1, 1), (1, 2)): (1,), ((1, 1), (1, 3)): (1,), ((1, 1), (1, 4)): (1,), ((1, 1), (0, 3)): (1,), ((0, 1), (0, 4)): (0,), ((0, 2), (1, 1)): (0,), ((1, 1), (0, 2)): (1,), ((0, 3), (0, 1)): (1,), ((0, 1), (0, 2)): (0,), ((1, 4), (0, 1)): (1,), ((0, 1), (1, 3)): (0,), ((1, 2), (1, 1)): (0,), ((1, 4), (1, 1)): (0,)}
Q table_suff final accu_reward is 0.656560 and time duration is 14.375140

test case 2

P Matrix is: 
[[(0.21578205259066374, 0.7842179474093363), (0.6146144393158014, 0.3853855606841986)], [(0.21578205259066374, 0.7842179474093363), (0.6146144393158014, 0.3853855606841986)]]

Whittle Index final accu_reward is 0.656040 and time duration is 0.946150

count_cvg is 15000
{((0, 1), (0, 1)): (1,), ((0, 3), (1, 1)): (0,), ((1, 3), (1, 1)): (0,), ((1, 1), (0, 1)): (1,), ((1, 2), (0, 1)): (1,), ((1, 1), (1, 1)): (0,), ((1, 3), (0, 1)): (1,), ((0, 1), (1, 4)): (0,), ((0, 4), (0, 1)): (1,), ((0, 1), (1, 1)): (0,), ((0, 1), (1, 2)): (0,), ((0, 1), (0, 3)): (0,), ((0, 4), (1, 1)): (0,), ((1, 1), (1, 2)): (1,), ((1, 1), (0, 4)): (1,), ((0, 2), (0, 1)): (1,), ((1, 1), (1, 3)): (1,), ((1, 1), (1, 4)): (1,), ((1, 1), (0, 3)): (1,), ((0, 1), (0, 4)): (0,), ((0, 2), (1, 1)): (0,), ((1, 1), (0, 2)): (1,), ((0, 3), (0, 1)): (1,), ((0, 1), (0, 2)): (0,), ((1, 4), (0, 1)): (1,), ((0, 1), (1, 3)): (0,), ((1, 2), (1, 1)): (0,), ((1, 4), (1, 1)): (0,)}
Q table_suff final accu_reward is 0.656220 and time duration is 14.234270

