test case 1

P Matrix is: 
[[(0.9621133264202868, 0.037886673579713204), (0.2614037472199976, 0.7385962527800024)], [(0.9621133264202868, 0.037886673579713204), (0.2614037472199976, 0.7385962527800024)]]

Whittle Index final accu_reward is 0.204580 and time duration is 0.624021

count_cvg is 18
{((1, 1), (1, 5)): (1,), ((1, 3), (1, 1)): (1,), ((0, 1), (0, 1)): (1,), ((0, 6), (1, 1)): (1,), ((0, 3), (1, 1)): (1,), ((1, 7), (1, 1)): (1,), ((1, 1), (0, 1)): (1,), ((1, 6), (0, 1)): (0,), ((1, 1), (1, 7)): (1,), ((1, 1), (0, 7)): (1,), ((0, 1), (1, 7)): (0,), ((1, 6), (1, 1)): (0,), ((0, 1), (0, 6)): (1,), ((0, 1), (1, 2)): (1,), ((1, 1), (1, 1)): (1,), ((0, 1), (0, 5)): (0,), ((1, 3), (0, 1)): (0,), ((0, 1), (1, 4)): (0,), ((0, 6), (0, 1)): (0,), ((0, 1), (1, 5)): (1,), ((0, 4), (0, 1)): (0,), ((0, 7), (0, 1)): (1,), ((0, 1), (1, 1)): (1,), ((1, 1), (1, 6)): (1,), ((0, 7), (1, 1)): (1,), ((1, 1), (0, 6)): (1,), ((1, 2), (0, 1)): (0,), ((1, 2), (1, 1)): (0,), ((0, 1), (0, 3)): (1,), ((1, 5), (1, 1)): (0,), ((1, 1), (0, 5)): (0,), ((0, 4), (1, 1)): (0,), ((0, 2), (0, 1)): (1,), ((0, 5), (0, 1)): (1,), ((1, 1), (0, 4)): (1,), ((1, 1), (1, 2)): (1,), ((1, 1), (1, 3)): (1,), ((1, 1), (1, 4)): (0,), ((1, 1), (0, 3)): (0,), ((0, 1), (0, 4)): (1,), ((1, 1), (0, 2)): (0,), ((0, 2), (1, 1)): (1,), ((0, 1), (1, 6)): (1,), ((0, 1), (0, 7)): (0,), ((1, 5), (0, 1)): (0,), ((0, 5), (1, 1)): (1,), ((1, 7), (0, 1)): (1,), ((1, 4), (0, 1)): (1,), ((0, 3), (0, 1)): (1,), ((0, 1), (1, 3)): (1,), ((0, 1), (0, 2)): (1,), ((1, 4), (1, 1)): (0,)}
Q table_suff final accu_reward is 0.162800 and time duration is 22.927267

test case 1

P Matrix is: 
[[(0.9621133264202868, 0.037886673579713204), (0.2614037472199976, 0.7385962527800024)], [(0.9621133264202868, 0.037886673579713204), (0.2614037472199976, 0.7385962527800024)]]

Whittle Index final accu_reward is 0.206960 and time duration is 0.661257

count_cvg is 94
{((1, 1), (1, 5)): (0,), ((0, 1), (0, 1)): (1,), ((0, 6), (1, 1)): (1,), ((0, 3), (1, 1)): (1,), ((1, 1), (1, 3)): (0,), ((1, 1), (0, 1)): (0,), ((1, 6), (0, 1)): (0,), ((1, 1), (1, 7)): (1,), ((1, 1), (0, 7)): (0,), ((0, 1), (1, 7)): (1,), ((1, 6), (1, 1)): (1,), ((0, 1), (0, 6)): (0,), ((0, 1), (1, 2)): (1,), ((1, 7), (1, 1)): (1,), ((1, 1), (1, 1)): (1,), ((0, 1), (0, 5)): (1,), ((1, 3), (0, 1)): (0,), ((0, 1), (1, 4)): (1,), ((0, 6), (0, 1)): (0,), ((0, 1), (1, 5)): (1,), ((0, 4), (0, 1)): (1,), ((0, 7), (0, 1)): (1,), ((0, 1), (1, 1)): (1,), ((1, 1), (1, 6)): (0,), ((0, 7), (1, 1)): (1,), ((1, 1), (0, 6)): (0,), ((1, 2), (0, 1)): (0,), ((1, 2), (1, 1)): (1,), ((0, 1), (0, 3)): (0,), ((1, 5), (1, 1)): (1,), ((1, 1), (0, 5)): (0,), ((0, 4), (1, 1)): (1,), ((0, 2), (0, 1)): (1,), ((0, 5), (0, 1)): (1,), ((1, 1), (0, 4)): (0,), ((1, 1), (1, 2)): (0,), ((1, 3), (1, 1)): (1,), ((1, 1), (1, 4)): (0,), ((1, 1), (0, 3)): (0,), ((0, 1), (0, 4)): (1,), ((1, 1), (0, 2)): (0,), ((0, 2), (1, 1)): (1,), ((0, 1), (1, 6)): (0,), ((0, 3), (0, 1)): (1,), ((1, 5), (0, 1)): (1,), ((0, 5), (1, 1)): (1,), ((1, 7), (0, 1)): (1,), ((1, 4), (0, 1)): (0,), ((0, 1), (0, 7)): (1,), ((0, 1), (1, 3)): (0,), ((0, 1), (0, 2)): (1,), ((1, 4), (1, 1)): (1,)}
Q table_suff final accu_reward is 0.173580 and time duration is 18.431463

test case 1

P Matrix is: 
[[(0.9621133264202868, 0.037886673579713204), (0.2614037472199976, 0.7385962527800024)], [(0.9621133264202868, 0.037886673579713204), (0.2614037472199976, 0.7385962527800024)]]

Whittle Index final accu_reward is 0.202340 and time duration is 0.459555

count_cvg is 8
{((1, 1), (1, 5)): (0,), ((0, 1), (0, 1)): (1,), ((0, 6), (1, 1)): (1,), ((0, 3), (1, 1)): (0,), ((1, 3), (1, 1)): (0,), ((1, 1), (0, 1)): (0,), ((1, 6), (0, 1)): (0,), ((1, 1), (1, 7)): (1,), ((1, 1), (0, 7)): (0,), ((0, 1), (1, 7)): (1,), ((1, 6), (1, 1)): (0,), ((0, 5), (1, 1)): (1,), ((0, 1), (1, 2)): (1,), ((1, 7), (1, 1)): (1,), ((1, 1), (1, 1)): (1,), ((0, 1), (0, 5)): (1,), ((1, 3), (0, 1)): (0,), ((0, 1), (1, 4)): (1,), ((0, 6), (0, 1)): (0,), ((0, 1), (1, 5)): (1,), ((0, 4), (0, 1)): (1,), ((0, 7), (0, 1)): (1,), ((0, 1), (1, 1)): (0,), ((1, 1), (1, 6)): (1,), ((0, 7), (1, 1)): (1,), ((1, 1), (0, 6)): (0,), ((1, 2), (0, 1)): (0,), ((1, 2), (1, 1)): (0,), ((0, 1), (0, 3)): (1,), ((1, 5), (1, 1)): (1,), ((1, 1), (0, 5)): (0,), ((0, 4), (1, 1)): (0,), ((0, 2), (0, 1)): (1,), ((0, 5), (0, 1)): (1,), ((1, 1), (0, 4)): (0,), ((1, 1), (1, 2)): (0,), ((1, 1), (1, 3)): (1,), ((1, 1), (1, 4)): (0,), ((1, 1), (0, 3)): (0,), ((0, 1), (0, 4)): (0,), ((1, 1), (0, 2)): (0,), ((0, 2), (1, 1)): (1,), ((0, 1), (1, 6)): (0,), ((0, 3), (0, 1)): (1,), ((1, 5), (0, 1)): (1,), ((0, 1), (0, 6)): (1,), ((1, 7), (0, 1)): (1,), ((1, 4), (0, 1)): (0,), ((0, 1), (0, 7)): (1,), ((0, 1), (1, 3)): (0,), ((0, 1), (0, 2)): (1,), ((1, 4), (1, 1)): (1,)}
Q table_suff final accu_reward is 0.147280 and time duration is 21.087733

test case 1

P Matrix is: 
[[(0.9621133264202868, 0.037886673579713204), (0.2614037472199976, 0.7385962527800024)], [(0.9621133264202868, 0.037886673579713204), (0.2614037472199976, 0.7385962527800024)]]

Whittle Index final accu_reward is 0.197760 and time duration is 0.506267

count_cvg is 105
{((1, 1), (1, 5)): (0,), ((0, 1), (0, 1)): (0,), ((0, 6), (1, 1)): (1,), ((0, 3), (1, 1)): (0,), ((1, 3), (1, 1)): (0,), ((1, 1), (0, 1)): (1,), ((1, 6), (0, 1)): (1,), ((1, 1), (1, 7)): (0,), ((1, 1), (0, 7)): (1,), ((0, 1), (1, 7)): (1,), ((1, 6), (1, 1)): (0,), ((0, 1), (0, 6)): (0,), ((0, 1), (1, 2)): (1,), ((1, 7), (1, 1)): (0,), ((1, 1), (1, 1)): (1,), ((0, 1), (0, 5)): (0,), ((1, 3), (0, 1)): (0,), ((0, 1), (1, 4)): (1,), ((0, 6), (0, 1)): (0,), ((0, 1), (1, 5)): (0,), ((0, 4), (0, 1)): (1,), ((0, 7), (0, 1)): (0,), ((0, 1), (1, 1)): (0,), ((1, 1), (1, 6)): (0,), ((0, 7), (1, 1)): (0,), ((1, 1), (0, 6)): (0,), ((1, 2), (0, 1)): (0,), ((1, 2), (1, 1)): (0,), ((0, 1), (0, 3)): (1,), ((1, 5), (1, 1)): (0,), ((1, 1), (0, 5)): (0,), ((0, 4), (1, 1)): (1,), ((0, 2), (0, 1)): (1,), ((0, 5), (0, 1)): (1,), ((1, 1), (0, 4)): (0,), ((1, 1), (1, 2)): (0,), ((1, 1), (1, 3)): (0,), ((1, 1), (1, 4)): (0,), ((1, 1), (0, 3)): (0,), ((0, 1), (0, 4)): (1,), ((1, 1), (0, 2)): (0,), ((0, 2), (1, 1)): (1,), ((0, 1), (1, 6)): (1,), ((0, 3), (0, 1)): (0,), ((1, 5), (0, 1)): (1,), ((0, 5), (1, 1)): (0,), ((1, 7), (0, 1)): (0,), ((1, 4), (0, 1)): (1,), ((0, 1), (0, 7)): (0,), ((0, 1), (1, 3)): (0,), ((0, 1), (0, 2)): (1,), ((1, 4), (1, 1)): (1,)}
Q table_suff final accu_reward is 0.165440 and time duration is 23.346889

test case 1

P Matrix is: 
[[(0.9621133264202868, 0.037886673579713204), (0.2614037472199976, 0.7385962527800024)], [(0.9621133264202868, 0.037886673579713204), (0.2614037472199976, 0.7385962527800024)]]

Whittle Index final accu_reward is 0.200360 and time duration is 0.583471

count_cvg is 15
{((1, 1), (1, 5)): (0,), ((0, 1), (0, 1)): (0,), ((0, 6), (1, 1)): (1,), ((0, 3), (1, 1)): (0,), ((1, 1), (1, 3)): (0,), ((1, 1), (0, 1)): (0,), ((1, 6), (0, 1)): (0,), ((1, 1), (1, 7)): (0,), ((1, 1), (0, 7)): (0,), ((0, 1), (1, 7)): (1,), ((1, 6), (1, 1)): (0,), ((0, 1), (0, 6)): (1,), ((0, 1), (1, 2)): (1,), ((1, 7), (1, 1)): (0,), ((1, 1), (1, 1)): (0,), ((0, 1), (0, 5)): (0,), ((1, 3), (0, 1)): (0,), ((0, 1), (1, 4)): (0,), ((0, 6), (0, 1)): (1,), ((0, 1), (1, 5)): (1,), ((0, 4), (0, 1)): (0,), ((0, 7), (0, 1)): (1,), ((0, 1), (1, 1)): (1,), ((1, 1), (1, 6)): (0,), ((0, 7), (1, 1)): (1,), ((1, 1), (0, 6)): (0,), ((1, 2), (0, 1)): (1,), ((1, 2), (1, 1)): (1,), ((0, 1), (0, 3)): (1,), ((1, 5), (1, 1)): (0,), ((1, 1), (0, 5)): (0,), ((0, 4), (1, 1)): (1,), ((0, 2), (0, 1)): (1,), ((0, 5), (0, 1)): (1,), ((1, 1), (0, 4)): (0,), ((1, 1), (1, 2)): (0,), ((1, 3), (1, 1)): (0,), ((1, 1), (1, 4)): (0,), ((1, 1), (0, 3)): (0,), ((0, 1), (0, 4)): (1,), ((1, 1), (0, 2)): (0,), ((0, 2), (1, 1)): (0,), ((0, 1), (1, 6)): (1,), ((0, 3), (0, 1)): (1,), ((1, 5), (0, 1)): (1,), ((0, 5), (1, 1)): (1,), ((1, 7), (0, 1)): (1,), ((1, 4), (0, 1)): (1,), ((0, 1), (0, 7)): (1,), ((0, 1), (1, 3)): (0,), ((0, 1), (0, 2)): (1,), ((1, 4), (1, 1)): (1,)}
Q table_suff final accu_reward is 0.152580 and time duration is 23.528406

test case 1

P Matrix is: 
[[(0.9621133264202868, 0.037886673579713204), (0.2614037472199976, 0.7385962527800024)], [(0.9621133264202868, 0.037886673579713204), (0.2614037472199976, 0.7385962527800024)]]

Whittle Index final accu_reward is 0.211860 and time duration is 0.579356

count_cvg is 1
{((1, 1), (1, 5)): (0,), ((0, 1), (0, 1)): (1,), ((0, 6), (1, 1)): (1,), ((0, 3), (1, 1)): (1,), ((1, 3), (1, 1)): (1,), ((1, 1), (0, 1)): (1,), ((1, 6), (0, 1)): (1,), ((1, 1), (1, 7)): (0,), ((1, 1), (0, 7)): (0,), ((0, 1), (1, 7)): (0,), ((1, 6), (1, 1)): (1,), ((0, 1), (0, 6)): (1,), ((0, 1), (1, 2)): (1,), ((1, 7), (1, 1)): (1,), ((1, 1), (1, 1)): (0,), ((0, 1), (0, 5)): (0,), ((1, 3), (0, 1)): (0,), ((0, 1), (1, 4)): (1,), ((0, 6), (0, 1)): (0,), ((0, 1), (1, 5)): (0,), ((0, 4), (0, 1)): (1,), ((0, 7), (0, 1)): (0,), ((0, 1), (1, 1)): (1,), ((1, 1), (1, 6)): (0,), ((0, 7), (1, 1)): (1,), ((1, 1), (0, 6)): (1,), ((1, 2), (0, 1)): (0,), ((1, 2), (1, 1)): (1,), ((0, 1), (0, 3)): (1,), ((1, 5), (1, 1)): (1,), ((1, 1), (0, 5)): (1,), ((0, 4), (1, 1)): (0,), ((0, 2), (0, 1)): (0,), ((0, 5), (0, 1)): (0,), ((1, 1), (0, 4)): (1,), ((1, 1), (1, 2)): (1,), ((1, 1), (1, 3)): (0,), ((1, 1), (1, 4)): (1,), ((1, 1), (0, 3)): (0,), ((0, 1), (0, 4)): (1,), ((1, 1), (0, 2)): (1,), ((0, 2), (1, 1)): (1,), ((0, 1), (1, 6)): (1,), ((0, 1), (0, 7)): (0,), ((1, 5), (0, 1)): (1,), ((0, 5), (1, 1)): (1,), ((1, 7), (0, 1)): (0,), ((1, 4), (0, 1)): (0,), ((0, 3), (0, 1)): (0,), ((0, 1), (1, 3)): (1,), ((0, 1), (0, 2)): (0,), ((1, 4), (1, 1)): (1,)}
Q table_suff final accu_reward is 0.152600 and time duration is 23.507988

test case 1

P Matrix is: 
[[(0.9621133264202868, 0.037886673579713204), (0.2614037472199976, 0.7385962527800024)], [(0.9621133264202868, 0.037886673579713204), (0.2614037472199976, 0.7385962527800024)]]

Whittle Index final accu_reward is 0.200980 and time duration is 0.653285

count_cvg is 2
{((1, 1), (1, 5)): (0,), ((0, 1), (0, 1)): (1,), ((0, 6), (1, 1)): (1,), ((0, 3), (1, 1)): (0,), ((1, 3), (1, 1)): (0,), ((1, 1), (0, 1)): (0,), ((1, 6), (0, 1)): (1,), ((1, 1), (1, 7)): (0,), ((1, 1), (0, 7)): (0,), ((0, 1), (1, 7)): (1,), ((1, 6), (1, 1)): (0,), ((0, 1), (0, 6)): (1,), ((0, 1), (1, 2)): (0,), ((1, 7), (1, 1)): (0,), ((1, 1), (1, 1)): (0,), ((0, 1), (0, 5)): (0,), ((1, 3), (0, 1)): (0,), ((0, 1), (1, 4)): (0,), ((0, 6), (0, 1)): (0,), ((0, 1), (1, 5)): (0,), ((0, 4), (0, 1)): (0,), ((0, 7), (0, 1)): (0,), ((0, 1), (1, 1)): (0,), ((1, 1), (1, 6)): (1,), ((0, 7), (1, 1)): (0,), ((1, 1), (0, 6)): (1,), ((1, 2), (0, 1)): (1,), ((1, 2), (1, 1)): (1,), ((0, 1), (0, 3)): (1,), ((1, 5), (1, 1)): (1,), ((1, 1), (0, 5)): (0,), ((0, 4), (1, 1)): (1,), ((0, 2), (0, 1)): (1,), ((0, 5), (0, 1)): (0,), ((1, 1), (0, 4)): (0,), ((1, 1), (1, 2)): (0,), ((1, 1), (1, 3)): (1,), ((1, 1), (1, 4)): (0,), ((1, 1), (0, 3)): (0,), ((0, 1), (0, 4)): (1,), ((1, 1), (0, 2)): (1,), ((0, 2), (1, 1)): (1,), ((0, 1), (1, 6)): (1,), ((0, 1), (0, 7)): (1,), ((1, 5), (0, 1)): (0,), ((0, 5), (1, 1)): (1,), ((1, 7), (0, 1)): (0,), ((1, 4), (0, 1)): (1,), ((0, 3), (0, 1)): (0,), ((0, 1), (1, 3)): (1,), ((0, 1), (0, 2)): (1,), ((1, 4), (1, 1)): (0,)}
Q table_suff final accu_reward is 0.112240 and time duration is 23.418496

test case 1

P Matrix is: 
[[(0.9621133264202868, 0.037886673579713204), (0.2614037472199976, 0.7385962527800024)], [(0.9621133264202868, 0.037886673579713204), (0.2614037472199976, 0.7385962527800024)]]

Whittle Index final accu_reward is 0.204760 and time duration is 0.699506

count_cvg is 3
{((1, 1), (1, 5)): (0,), ((1, 1), (1, 3)): (1,), ((0, 1), (0, 1)): (0,), ((0, 6), (1, 1)): (1,), ((0, 3), (1, 1)): (0,), ((1, 7), (1, 1)): (1,), ((1, 1), (0, 1)): (0,), ((1, 6), (0, 1)): (0,), ((1, 1), (1, 7)): (1,), ((1, 1), (0, 7)): (1,), ((0, 1), (1, 7)): (1,), ((1, 6), (1, 1)): (0,), ((0, 1), (0, 6)): (0,), ((0, 1), (1, 2)): (1,), ((1, 1), (1, 1)): (0,), ((0, 1), (0, 5)): (1,), ((1, 3), (0, 1)): (0,), ((0, 1), (1, 4)): (1,), ((0, 6), (0, 1)): (0,), ((0, 1), (1, 5)): (1,), ((0, 4), (0, 1)): (0,), ((0, 7), (0, 1)): (1,), ((0, 1), (1, 1)): (0,), ((1, 1), (1, 6)): (1,), ((0, 7), (1, 1)): (0,), ((1, 1), (0, 6)): (0,), ((1, 2), (0, 1)): (0,), ((1, 2), (1, 1)): (1,), ((0, 1), (0, 3)): (1,), ((1, 5), (1, 1)): (1,), ((1, 1), (0, 5)): (0,), ((0, 4), (1, 1)): (1,), ((0, 2), (0, 1)): (1,), ((0, 5), (0, 1)): (1,), ((1, 1), (0, 4)): (0,), ((1, 1), (1, 2)): (0,), ((1, 3), (1, 1)): (0,), ((1, 1), (1, 4)): (0,), ((1, 1), (0, 3)): (0,), ((0, 1), (0, 4)): (1,), ((0, 2), (1, 1)): (1,), ((1, 1), (0, 2)): (0,), ((0, 1), (1, 6)): (1,), ((0, 3), (0, 1)): (1,), ((1, 5), (0, 1)): (1,), ((0, 5), (1, 1)): (1,), ((1, 7), (0, 1)): (0,), ((1, 4), (0, 1)): (1,), ((0, 1), (0, 7)): (1,), ((0, 1), (1, 3)): (1,), ((0, 1), (0, 2)): (1,), ((1, 4), (1, 1)): (1,)}
Q table_suff final accu_reward is 0.163180 and time duration is 23.750926

test case 1

P Matrix is: 
[[(0.9621133264202868, 0.037886673579713204), (0.2614037472199976, 0.7385962527800024)], [(0.9621133264202868, 0.037886673579713204), (0.2614037472199976, 0.7385962527800024)]]

Whittle Index final accu_reward is 0.206060 and time duration is 0.673958

count_cvg is 5
{((1, 1), (1, 5)): (0,), ((0, 1), (0, 1)): (1,), ((0, 6), (1, 1)): (0,), ((0, 3), (1, 1)): (1,), ((1, 3), (1, 1)): (0,), ((1, 1), (0, 1)): (1,), ((1, 6), (0, 1)): (0,), ((1, 1), (1, 7)): (1,), ((1, 1), (0, 7)): (0,), ((0, 1), (1, 7)): (1,), ((1, 6), (1, 1)): (1,), ((0, 1), (0, 6)): (0,), ((0, 1), (1, 2)): (1,), ((1, 7), (1, 1)): (1,), ((1, 1), (1, 1)): (1,), ((0, 1), (0, 5)): (0,), ((1, 3), (0, 1)): (0,), ((0, 1), (1, 4)): (0,), ((0, 6), (0, 1)): (0,), ((0, 1), (1, 5)): (1,), ((0, 4), (0, 1)): (1,), ((0, 7), (0, 1)): (1,), ((0, 1), (1, 1)): (1,), ((1, 1), (1, 6)): (0,), ((0, 7), (1, 1)): (0,), ((1, 1), (0, 6)): (0,), ((1, 2), (0, 1)): (0,), ((1, 2), (1, 1)): (1,), ((0, 1), (0, 3)): (0,), ((1, 5), (1, 1)): (1,), ((1, 1), (0, 5)): (0,), ((0, 4), (1, 1)): (0,), ((0, 2), (0, 1)): (0,), ((0, 5), (0, 1)): (0,), ((1, 1), (0, 4)): (0,), ((1, 1), (1, 2)): (1,), ((1, 1), (1, 3)): (0,), ((1, 1), (1, 4)): (1,), ((1, 1), (0, 3)): (1,), ((0, 1), (0, 4)): (1,), ((1, 1), (0, 2)): (0,), ((0, 2), (1, 1)): (0,), ((0, 1), (1, 6)): (0,), ((0, 3), (0, 1)): (0,), ((1, 5), (0, 1)): (1,), ((0, 5), (1, 1)): (1,), ((1, 7), (0, 1)): (0,), ((1, 4), (0, 1)): (1,), ((0, 1), (0, 7)): (0,), ((0, 1), (1, 3)): (1,), ((0, 1), (0, 2)): (0,), ((1, 4), (1, 1)): (1,)}
Q table_suff final accu_reward is 0.136020 and time duration is 23.660610

test case 1

P Matrix is: 
[[(0.9621133264202868, 0.037886673579713204), (0.2614037472199976, 0.7385962527800024)], [(0.9621133264202868, 0.037886673579713204), (0.2614037472199976, 0.7385962527800024)]]

Whittle Index final accu_reward is 0.199800 and time duration is 0.626978

count_cvg is 6
{((1, 1), (1, 5)): (1,), ((1, 1), (1, 3)): (0,), ((0, 1), (0, 1)): (1,), ((0, 6), (1, 1)): (1,), ((0, 3), (1, 1)): (0,), ((1, 7), (1, 1)): (0,), ((1, 1), (0, 1)): (1,), ((1, 6), (0, 1)): (0,), ((1, 1), (1, 7)): (0,), ((1, 1), (0, 7)): (0,), ((0, 1), (1, 7)): (0,), ((1, 6), (1, 1)): (1,), ((0, 1), (0, 6)): (0,), ((1, 1), (1, 1)): (1,), ((0, 1), (0, 5)): (0,), ((1, 2), (0, 1)): (0,), ((0, 1), (1, 4)): (1,), ((0, 6), (0, 1)): (0,), ((0, 1), (1, 5)): (1,), ((0, 4), (0, 1)): (1,), ((0, 7), (0, 1)): (0,), ((0, 1), (1, 1)): (1,), ((1, 1), (1, 6)): (1,), ((0, 7), (1, 1)): (1,), ((1, 1), (0, 6)): (1,), ((0, 1), (1, 2)): (1,), ((1, 2), (1, 1)): (1,), ((0, 1), (0, 3)): (1,), ((1, 5), (1, 1)): (1,), ((1, 1), (0, 5)): (1,), ((0, 4), (1, 1)): (1,), ((0, 2), (0, 1)): (1,), ((0, 5), (0, 1)): (0,), ((1, 1), (0, 4)): (1,), ((1, 1), (1, 2)): (0,), ((1, 3), (1, 1)): (0,), ((1, 1), (1, 4)): (0,), ((1, 1), (0, 3)): (1,), ((0, 1), (0, 4)): (1,), ((0, 2), (1, 1)): (1,), ((1, 1), (0, 2)): (0,), ((0, 1), (1, 6)): (0,), ((0, 1), (0, 7)): (0,), ((1, 5), (0, 1)): (1,), ((0, 5), (1, 1)): (1,), ((1, 3), (0, 1)): (0,), ((1, 7), (0, 1)): (0,), ((1, 4), (0, 1)): (0,), ((0, 3), (0, 1)): (1,), ((0, 1), (1, 3)): (0,), ((0, 1), (0, 2)): (0,), ((1, 4), (1, 1)): (1,)}
Q table_suff final accu_reward is 0.146720 and time duration is 23.822751

