test case 6

P Matrix is: 
[[(0.41753332044981695, 0.582466679550183), (0.06898767080818913, 0.9310123291918109)], [(0.41753332044981695, 0.582466679550183), (0.06898767080818913, 0.9310123291918109)], [(0.41753332044981695, 0.582466679550183), (0.06898767080818913, 0.9310123291918109)], [(0.41753332044981695, 0.582466679550183), (0.06898767080818913, 0.9310123291918109)], [(0.41753332044981695, 0.582466679550183), (0.06898767080818913, 0.9310123291918109)]]

Whittle Index final accu_reward is 4.999736 and time duration is 1.464666

count_cvg is 1974
{((-1, -1, -1, 0, -1),): (4,), ((-1, -1, 0, -1, -1),): (0,), ((-1, 0, -1, -1, -1),): (0,), ((1, -1, -1, -1, -1),): (0,), ((0, -1, -1, -1, -1),): (3,), ((-1, -1, 1, -1, -1),): (2,), ((-1, -1, -1, -1, 1),): (4,), ((-1, -1, -1, 1, -1),): (3,), ((-1, -1, -1, -1, 0),): (1,), ((-1, 1, -1, -1, -1),): (1,), ((0, -1),): (0,)}
Q table final accu_reward is 4.891411 and time duration is 0.699243

test case 6

P Matrix is: 
[[(0.41753332044981695, 0.582466679550183), (0.06898767080818913, 0.9310123291918109)], [(0.41753332044981695, 0.582466679550183), (0.06898767080818913, 0.9310123291918109)], [(0.41753332044981695, 0.582466679550183), (0.06898767080818913, 0.9310123291918109)], [(0.41753332044981695, 0.582466679550183), (0.06898767080818913, 0.9310123291918109)], [(0.41753332044981695, 0.582466679550183), (0.06898767080818913, 0.9310123291918109)]]

Whittle Index final accu_reward is 3.469249 and time duration is 1.533516

count_cvg is 3034
{((-1, -1, -1, 0, -1),): (4,), ((-1, -1, 0, -1, -1),): (3,), ((-1, 0, -1, -1, -1),): (3,), ((1, -1, -1, -1, -1),): (0,), ((0, -1, -1, -1, -1),): (3,), ((-1, -1, 1, -1, -1),): (2,), ((-1, -1, -1, -1, 1),): (4,), ((-1, -1, -1, 1, -1),): (3,), ((-1, -1, -1, -1, 0),): (2,), ((-1, 1, -1, -1, -1),): (1,), ((0, -1),): (0,)}
Q table final accu_reward is 4.741092 and time duration is 0.566618

test case 6

P Matrix is: 
[[(0.41753332044981695, 0.582466679550183), (0.06898767080818913, 0.9310123291918109)], [(0.41753332044981695, 0.582466679550183), (0.06898767080818913, 0.9310123291918109)], [(0.41753332044981695, 0.582466679550183), (0.06898767080818913, 0.9310123291918109)], [(0.41753332044981695, 0.582466679550183), (0.06898767080818913, 0.9310123291918109)], [(0.41753332044981695, 0.582466679550183), (0.06898767080818913, 0.9310123291918109)]]

Whittle Index final accu_reward is 4.883056 and time duration is 1.470810

count_cvg is 2108
{((-1, -1, -1, 0, -1),): (2,), ((-1, -1, 0, -1, -1),): (1,), ((-1, 0, -1, -1, -1),): (3,), ((1, -1, -1, -1, -1),): (0,), ((0, -1, -1, -1, -1),): (4,), ((-1, -1, 1, -1, -1),): (2,), ((-1, -1, -1, -1, 1),): (4,), ((-1, -1, -1, 1, -1),): (3,), ((-1, -1, -1, -1, 0),): (3,), ((-1, 1, -1, -1, -1),): (1,), ((0, -1),): (0,)}
Q table final accu_reward is 4.981091 and time duration is 0.574089

test case 6

P Matrix is: 
[[(0.41753332044981695, 0.582466679550183), (0.06898767080818913, 0.9310123291918109)], [(0.41753332044981695, 0.582466679550183), (0.06898767080818913, 0.9310123291918109)], [(0.41753332044981695, 0.582466679550183), (0.06898767080818913, 0.9310123291918109)], [(0.41753332044981695, 0.582466679550183), (0.06898767080818913, 0.9310123291918109)], [(0.41753332044981695, 0.582466679550183), (0.06898767080818913, 0.9310123291918109)]]

Whittle Index final accu_reward is 4.985329 and time duration is 1.460243

count_cvg is 1256
{((-1, -1, -1, 0, -1),): (4,), ((-1, -1, 0, -1, -1),): (4,), ((-1, 0, -1, -1, -1),): (3,), ((1, -1, -1, -1, -1),): (0,), ((0, -1, -1, -1, -1),): (2,), ((-1, -1, 1, -1, -1),): (2,), ((-1, -1, -1, -1, 1),): (4,), ((-1, -1, -1, 1, -1),): (3,), ((-1, -1, -1, -1, 0),): (0,), ((-1, 1, -1, -1, -1),): (1,), ((0, -1),): (0,)}
Q table final accu_reward is 4.531721 and time duration is 0.552811

test case 6

P Matrix is: 
[[(0.41753332044981695, 0.582466679550183), (0.06898767080818913, 0.9310123291918109)], [(0.41753332044981695, 0.582466679550183), (0.06898767080818913, 0.9310123291918109)], [(0.41753332044981695, 0.582466679550183), (0.06898767080818913, 0.9310123291918109)], [(0.41753332044981695, 0.582466679550183), (0.06898767080818913, 0.9310123291918109)], [(0.41753332044981695, 0.582466679550183), (0.06898767080818913, 0.9310123291918109)]]

Whittle Index final accu_reward is 3.534283 and time duration is 1.455465

count_cvg is 105
{((-1, -1, -1, 0, -1),): (0,), ((-1, -1, 0, -1, -1),): (4,), ((-1, 0, -1, -1, -1),): (3,), ((1, -1, -1, -1, -1),): (0,), ((0, -1, -1, -1, -1),): (1,), ((-1, -1, 1, -1, -1),): (2,), ((-1, -1, -1, -1, 1),): (4,), ((-1, -1, -1, 1, -1),): (3,), ((-1, -1, -1, -1, 0),): (3,), ((-1, 1, -1, -1, -1),): (1,), ((0, -1),): (0,)}
Q table final accu_reward is 4.787486 and time duration is 0.563348

test case 6

P Matrix is: 
[[(0.41753332044981695, 0.582466679550183), (0.06898767080818913, 0.9310123291918109)], [(0.41753332044981695, 0.582466679550183), (0.06898767080818913, 0.9310123291918109)], [(0.41753332044981695, 0.582466679550183), (0.06898767080818913, 0.9310123291918109)], [(0.41753332044981695, 0.582466679550183), (0.06898767080818913, 0.9310123291918109)], [(0.41753332044981695, 0.582466679550183), (0.06898767080818913, 0.9310123291918109)]]

Whittle Index final accu_reward is 3.487997 and time duration is 1.463926

count_cvg is 789
{((-1, -1, -1, 0, -1),): (2,), ((-1, -1, 0, -1, -1),): (4,), ((-1, 0, -1, -1, -1),): (4,), ((1, -1, -1, -1, -1),): (0,), ((0, -1, -1, -1, -1),): (3,), ((-1, -1, -1, 1, -1),): (3,), ((-1, -1, -1, -1, 1),): (4,), ((-1, -1, 1, -1, -1),): (2,), ((-1, -1, -1, -1, 0),): (3,), ((-1, 1, -1, -1, -1),): (1,), ((0, -1),): (0,)}
Q table final accu_reward is 4.997048 and time duration is 0.597882

test case 6

P Matrix is: 
[[(0.41753332044981695, 0.582466679550183), (0.06898767080818913, 0.9310123291918109)], [(0.41753332044981695, 0.582466679550183), (0.06898767080818913, 0.9310123291918109)], [(0.41753332044981695, 0.582466679550183), (0.06898767080818913, 0.9310123291918109)], [(0.41753332044981695, 0.582466679550183), (0.06898767080818913, 0.9310123291918109)], [(0.41753332044981695, 0.582466679550183), (0.06898767080818913, 0.9310123291918109)]]

Whittle Index final accu_reward is 3.999932 and time duration is 1.477057

count_cvg is 3048
{((-1, -1, -1, 0, -1),): (0,), ((-1, -1, 0, -1, -1),): (3,), ((-1, 0, -1, -1, -1),): (2,), ((1, -1, -1, -1, -1),): (0,), ((0, -1, -1, -1, -1),): (1,), ((-1, -1, 1, -1, -1),): (2,), ((-1, -1, -1, -1, 1),): (4,), ((-1, -1, -1, 1, -1),): (3,), ((-1, -1, -1, -1, 0),): (2,), ((-1, 1, -1, -1, -1),): (1,), ((0, -1),): (0,)}
Q table final accu_reward is 4.943804 and time duration is 0.570776

test case 6

P Matrix is: 
[[(0.41753332044981695, 0.582466679550183), (0.06898767080818913, 0.9310123291918109)], [(0.41753332044981695, 0.582466679550183), (0.06898767080818913, 0.9310123291918109)], [(0.41753332044981695, 0.582466679550183), (0.06898767080818913, 0.9310123291918109)], [(0.41753332044981695, 0.582466679550183), (0.06898767080818913, 0.9310123291918109)], [(0.41753332044981695, 0.582466679550183), (0.06898767080818913, 0.9310123291918109)]]

Whittle Index final accu_reward is 3.831933 and time duration is 1.470265

count_cvg is 1952
{((-1, -1, -1, 0, -1),): (4,), ((-1, -1, 0, -1, -1),): (3,), ((-1, 0, -1, -1, -1),): (3,), ((1, -1, -1, -1, -1),): (0,), ((0, -1, -1, -1, -1),): (3,), ((-1, -1, -1, 1, -1),): (3,), ((-1, -1, -1, -1, 1),): (4,), ((-1, -1, 1, -1, -1),): (2,), ((-1, -1, -1, -1, 0),): (1,), ((-1, 1, -1, -1, -1),): (1,), ((0, -1),): (0,)}
Q table final accu_reward is 4.892576 and time duration is 0.586896

test case 6

P Matrix is: 
[[(0.41753332044981695, 0.582466679550183), (0.06898767080818913, 0.9310123291918109)], [(0.41753332044981695, 0.582466679550183), (0.06898767080818913, 0.9310123291918109)], [(0.41753332044981695, 0.582466679550183), (0.06898767080818913, 0.9310123291918109)], [(0.41753332044981695, 0.582466679550183), (0.06898767080818913, 0.9310123291918109)], [(0.41753332044981695, 0.582466679550183), (0.06898767080818913, 0.9310123291918109)]]

Whittle Index final accu_reward is 4.862554 and time duration is 1.472623

count_cvg is 661
{((-1, -1, -1, 0, -1),): (1,), ((-1, -1, 0, -1, -1),): (0,), ((-1, 0, -1, -1, -1),): (0,), ((1, -1, -1, -1, -1),): (0,), ((0, -1, -1, -1, -1),): (3,), ((-1, -1, 1, -1, -1),): (2,), ((-1, -1, -1, -1, 1),): (4,), ((-1, -1, -1, 1, -1),): (3,), ((-1, -1, -1, -1, 0),): (2,), ((-1, 1, -1, -1, -1),): (1,), ((0, -1),): (0,)}
Q table final accu_reward is 4.672320 and time duration is 0.573198

test case 6

P Matrix is: 
[[(0.41753332044981695, 0.582466679550183), (0.06898767080818913, 0.9310123291918109)], [(0.41753332044981695, 0.582466679550183), (0.06898767080818913, 0.9310123291918109)], [(0.41753332044981695, 0.582466679550183), (0.06898767080818913, 0.9310123291918109)], [(0.41753332044981695, 0.582466679550183), (0.06898767080818913, 0.9310123291918109)], [(0.41753332044981695, 0.582466679550183), (0.06898767080818913, 0.9310123291918109)]]

Whittle Index final accu_reward is 4.999992 and time duration is 1.464819

count_cvg is 448
{((-1, -1, -1, 0, -1),): (0,), ((-1, -1, 0, -1, -1),): (1,), ((-1, 0, -1, -1, -1),): (2,), ((1, -1, -1, -1, -1),): (0,), ((0, -1, -1, -1, -1),): (1,), ((-1, -1, 1, -1, -1),): (2,), ((-1, -1, -1, -1, 1),): (4,), ((-1, -1, -1, 1, -1),): (3,), ((-1, -1, -1, -1, 0),): (3,), ((-1, 1, -1, -1, -1),): (1,), ((0, -1),): (0,)}
Q table final accu_reward is 4.863517 and time duration is 0.571984

