test case 0

P Matrix is: 
[[(0.4826821802584069, 0.5173178197415931), (0.17545129671889326, 0.8245487032811067)], [(0.4826821802584069, 0.5173178197415931), (0.17545129671889326, 0.8245487032811067)]]

Whittle Index final accu_reward is 0.802040 and time duration is 0.807727

count_cvg is 478
{((0, 1), (1, 2)): (1,), ((0, 1), (0, 1)): (1,), ((0, 2), (1, 1)): (1,), ((0, 3), (0, 1)): (0,), ((1, 3), (0, 1)): (0,), ((0, 1), (0, 2)): (1,), ((0, 3), (1, 1)): (1,), ((1, 1), (1, 3)): (0,), ((0, 2), (0, 1)): (0,), ((1, 1), (1, 1)): (0,), ((0, 1), (0, 3)): (1,), ((1, 2), (0, 1)): (0,), ((1, 1), (1, 2)): (0,), ((1, 1), (0, 1)): (0,), ((1, 3), (1, 1)): (1,), ((1, 1), (0, 3)): (0,), ((0, 1), (1, 3)): (1,), ((1, 2), (1, 1)): (1,), ((0, 1), (1, 1)): (1,), ((1, 1), (0, 2)): (0,)}
Q table_suff final accu_reward is 0.794400 and time duration is 12.092655

test case 0

P Matrix is: 
[[(0.4826821802584069, 0.5173178197415931), (0.17545129671889326, 0.8245487032811067)], [(0.4826821802584069, 0.5173178197415931), (0.17545129671889326, 0.8245487032811067)]]

Whittle Index final accu_reward is 0.802400 and time duration is 0.639688

count_cvg is 25
{((0, 1), (1, 2)): (1,), ((1, 2), (0, 1)): (0,), ((1, 1), (0, 2)): (0,), ((0, 3), (0, 1)): (0,), ((0, 2), (1, 1)): (1,), ((1, 3), (0, 1)): (0,), ((0, 1), (0, 2)): (1,), ((0, 3), (1, 1)): (1,), ((1, 3), (1, 1)): (1,), ((1, 1), (0, 1)): (0,), ((1, 1), (1, 1)): (1,), ((0, 1), (0, 1)): (0,), ((1, 1), (1, 2)): (0,), ((0, 2), (0, 1)): (0,), ((1, 1), (1, 3)): (1,), ((1, 1), (0, 3)): (0,), ((0, 1), (1, 3)): (1,), ((1, 2), (1, 1)): (1,), ((0, 1), (1, 1)): (1,), ((0, 1), (0, 3)): (1,)}
Q table_suff final accu_reward is 0.796480 and time duration is 11.896905

test case 0

P Matrix is: 
[[(0.4826821802584069, 0.5173178197415931), (0.17545129671889326, 0.8245487032811067)], [(0.4826821802584069, 0.5173178197415931), (0.17545129671889326, 0.8245487032811067)]]

Whittle Index final accu_reward is 0.801860 and time duration is 0.597791

count_cvg is 21
{((0, 1), (1, 2)): (1,), ((0, 1), (0, 1)): (0,), ((1, 1), (0, 2)): (0,), ((0, 3), (0, 1)): (0,), ((0, 2), (1, 1)): (1,), ((1, 3), (0, 1)): (0,), ((0, 1), (0, 2)): (1,), ((0, 3), (1, 1)): (1,), ((1, 1), (1, 3)): (0,), ((0, 2), (0, 1)): (0,), ((1, 1), (1, 1)): (1,), ((1, 2), (0, 1)): (0,), ((1, 1), (1, 2)): (0,), ((1, 1), (0, 1)): (0,), ((1, 3), (1, 1)): (1,), ((1, 1), (0, 3)): (0,), ((0, 1), (1, 3)): (1,), ((1, 2), (1, 1)): (1,), ((0, 1), (1, 1)): (1,), ((0, 1), (0, 3)): (1,)}
Q table_suff final accu_reward is 0.799780 and time duration is 11.799170

test case 0

P Matrix is: 
[[(0.4826821802584069, 0.5173178197415931), (0.17545129671889326, 0.8245487032811067)], [(0.4826821802584069, 0.5173178197415931), (0.17545129671889326, 0.8245487032811067)]]

Whittle Index final accu_reward is 0.804520 and time duration is 0.755370

count_cvg is 60
{((0, 1), (1, 2)): (1,), ((0, 1), (0, 1)): (1,), ((0, 2), (1, 1)): (1,), ((0, 3), (0, 1)): (0,), ((1, 3), (0, 1)): (0,), ((0, 1), (0, 2)): (1,), ((0, 3), (1, 1)): (1,), ((1, 1), (1, 3)): (1,), ((0, 2), (0, 1)): (0,), ((1, 1), (1, 1)): (1,), ((0, 1), (0, 3)): (1,), ((1, 2), (0, 1)): (0,), ((1, 1), (1, 2)): (0,), ((1, 1), (0, 1)): (0,), ((1, 3), (1, 1)): (1,), ((1, 1), (0, 3)): (0,), ((0, 1), (1, 3)): (1,), ((1, 2), (1, 1)): (1,), ((0, 1), (1, 1)): (1,), ((1, 1), (0, 2)): (0,)}
Q table_suff final accu_reward is 0.800300 and time duration is 12.387469

test case 0

P Matrix is: 
[[(0.4826821802584069, 0.5173178197415931), (0.17545129671889326, 0.8245487032811067)], [(0.4826821802584069, 0.5173178197415931), (0.17545129671889326, 0.8245487032811067)]]

Whittle Index final accu_reward is 0.807400 and time duration is 0.617178

count_cvg is 59
{((1, 2), (0, 1)): (0,), ((1, 1), (0, 2)): (0,), ((0, 3), (0, 1)): (0,), ((0, 2), (1, 1)): (1,), ((1, 3), (0, 1)): (0,), ((0, 1), (0, 2)): (1,), ((0, 3), (1, 1)): (1,), ((1, 1), (1, 3)): (0,), ((0, 1), (0, 1)): (0,), ((0, 2), (0, 1)): (0,), ((1, 1), (1, 1)): (1,), ((0, 1), (1, 2)): (1,), ((1, 1), (1, 2)): (0,), ((1, 1), (0, 1)): (0,), ((1, 3), (1, 1)): (1,), ((1, 1), (0, 3)): (0,), ((0, 1), (1, 3)): (1,), ((1, 2), (1, 1)): (1,), ((0, 1), (1, 1)): (1,), ((0, 1), (0, 3)): (1,)}
Q table_suff final accu_reward is 0.799780 and time duration is 11.872128

test case 0

P Matrix is: 
[[(0.4826821802584069, 0.5173178197415931), (0.17545129671889326, 0.8245487032811067)], [(0.4826821802584069, 0.5173178197415931), (0.17545129671889326, 0.8245487032811067)]]

Whittle Index final accu_reward is 0.803360 and time duration is 0.700643

count_cvg is 24
{((0, 1), (1, 2)): (1,), ((0, 1), (0, 1)): (0,), ((0, 2), (1, 1)): (1,), ((0, 3), (0, 1)): (0,), ((1, 3), (0, 1)): (0,), ((0, 1), (0, 2)): (1,), ((0, 3), (1, 1)): (1,), ((1, 1), (1, 3)): (1,), ((0, 2), (0, 1)): (0,), ((1, 1), (1, 1)): (0,), ((0, 1), (0, 3)): (1,), ((1, 2), (0, 1)): (0,), ((1, 1), (1, 2)): (0,), ((1, 1), (0, 1)): (1,), ((1, 3), (1, 1)): (1,), ((1, 1), (0, 3)): (1,), ((0, 1), (1, 3)): (1,), ((1, 2), (1, 1)): (1,), ((0, 1), (1, 1)): (1,), ((1, 1), (0, 2)): (0,)}
Q table_suff final accu_reward is 0.779800 and time duration is 11.902331

test case 0

P Matrix is: 
[[(0.4826821802584069, 0.5173178197415931), (0.17545129671889326, 0.8245487032811067)], [(0.4826821802584069, 0.5173178197415931), (0.17545129671889326, 0.8245487032811067)]]

Whittle Index final accu_reward is 0.805640 and time duration is 0.703642

count_cvg is 387
{((1, 2), (0, 1)): (0,), ((0, 1), (0, 1)): (1,), ((1, 1), (0, 2)): (0,), ((0, 3), (0, 1)): (0,), ((0, 2), (1, 1)): (1,), ((1, 3), (0, 1)): (0,), ((0, 1), (0, 2)): (1,), ((0, 3), (1, 1)): (1,), ((1, 3), (1, 1)): (1,), ((1, 1), (1, 2)): (0,), ((1, 1), (1, 1)): (1,), ((0, 1), (1, 2)): (1,), ((1, 1), (0, 1)): (0,), ((1, 1), (1, 3)): (0,), ((1, 1), (0, 3)): (0,), ((0, 1), (1, 3)): (1,), ((1, 2), (1, 1)): (1,), ((0, 2), (0, 1)): (0,), ((0, 1), (1, 1)): (1,), ((0, 1), (0, 3)): (1,)}
Q table_suff final accu_reward is 0.795960 and time duration is 8.942547

test case 0

P Matrix is: 
[[(0.4826821802584069, 0.5173178197415931), (0.17545129671889326, 0.8245487032811067)], [(0.4826821802584069, 0.5173178197415931), (0.17545129671889326, 0.8245487032811067)]]

Whittle Index final accu_reward is 0.806520 and time duration is 0.577813

count_cvg is 22
{((1, 2), (0, 1)): (0,), ((0, 1), (0, 1)): (1,), ((1, 1), (0, 2)): (0,), ((0, 3), (0, 1)): (0,), ((0, 2), (1, 1)): (1,), ((1, 3), (0, 1)): (0,), ((0, 1), (0, 2)): (1,), ((0, 3), (1, 1)): (1,), ((1, 1), (1, 3)): (0,), ((0, 2), (0, 1)): (0,), ((1, 1), (1, 1)): (0,), ((0, 1), (1, 2)): (1,), ((1, 1), (1, 2)): (0,), ((1, 1), (0, 1)): (0,), ((1, 3), (1, 1)): (1,), ((1, 1), (0, 3)): (0,), ((0, 1), (1, 3)): (1,), ((1, 2), (1, 1)): (1,), ((0, 1), (1, 1)): (1,), ((0, 1), (0, 3)): (1,)}
Q table_suff final accu_reward is 0.796200 and time duration is 10.749830

test case 0

P Matrix is: 
[[(0.4826821802584069, 0.5173178197415931), (0.17545129671889326, 0.8245487032811067)], [(0.4826821802584069, 0.5173178197415931), (0.17545129671889326, 0.8245487032811067)]]

Whittle Index final accu_reward is 0.805500 and time duration is 0.588009

count_cvg is 632
{((1, 2), (0, 1)): (0,), ((0, 1), (0, 1)): (1,), ((1, 1), (0, 2)): (0,), ((0, 3), (0, 1)): (0,), ((0, 2), (1, 1)): (1,), ((1, 3), (0, 1)): (0,), ((0, 1), (0, 2)): (1,), ((0, 3), (1, 1)): (1,), ((1, 1), (1, 3)): (1,), ((1, 1), (1, 2)): (0,), ((1, 1), (1, 1)): (1,), ((0, 1), (1, 2)): (1,), ((1, 1), (0, 1)): (0,), ((1, 3), (1, 1)): (1,), ((1, 1), (0, 3)): (0,), ((0, 1), (1, 3)): (1,), ((1, 2), (1, 1)): (1,), ((0, 2), (0, 1)): (0,), ((0, 1), (1, 1)): (1,), ((0, 1), (0, 3)): (1,)}
Q table_suff final accu_reward is 0.797900 and time duration is 12.015985

test case 0

P Matrix is: 
[[(0.4826821802584069, 0.5173178197415931), (0.17545129671889326, 0.8245487032811067)], [(0.4826821802584069, 0.5173178197415931), (0.17545129671889326, 0.8245487032811067)]]

Whittle Index final accu_reward is 0.805740 and time duration is 0.506977

count_cvg is 495
{((0, 1), (1, 2)): (1,), ((0, 1), (0, 1)): (1,), ((0, 2), (1, 1)): (1,), ((0, 3), (0, 1)): (0,), ((1, 3), (0, 1)): (0,), ((0, 1), (0, 2)): (1,), ((0, 3), (1, 1)): (1,), ((1, 1), (1, 3)): (0,), ((1, 1), (0, 1)): (0,), ((1, 1), (1, 1)): (0,), ((0, 1), (0, 3)): (1,), ((1, 2), (0, 1)): (0,), ((1, 1), (1, 2)): (0,), ((0, 2), (0, 1)): (0,), ((1, 3), (1, 1)): (0,), ((1, 1), (0, 3)): (0,), ((0, 1), (1, 3)): (1,), ((1, 2), (1, 1)): (1,), ((0, 1), (1, 1)): (1,), ((1, 1), (0, 2)): (0,)}
Q table_suff final accu_reward is 0.804940 and time duration is 10.869371

