test case 0

P Matrix is: 
[[(0.5677366367579706, 0.4322633632420294), (0.5281455241693198, 0.4718544758306802)], [(0.5677366367579706, 0.4322633632420294), (0.5281455241693198, 0.4718544758306802)], [(0.5677366367579706, 0.4322633632420294), (0.5281455241693198, 0.4718544758306802)], [(0.5677366367579706, 0.4322633632420294), (0.5281455241693198, 0.4718544758306802)], [(0.5677366367579706, 0.4322633632420294), (0.5281455241693198, 0.4718544758306802)]]

Whittle Index final accu_reward is 2.675715 and time duration is 1.513298

count_cvg is 0
{((-1, -1, 0, -1, -1),): (3,), ((-1, -1, -1, 0, -1),): (4,), ((-1, 0, -1, -1, -1),): (2,), ((1, -1, -1, -1, -1),): (0,), ((0, -1, -1, -1, -1),): (2,), ((-1, -1, 1, -1, -1),): (2,), ((-1, -1, -1, -1, 1),): (4,), ((-1, -1, -1, 1, -1),): (3,), ((-1, -1, -1, -1, 0),): (0,), ((-1, 1, -1, -1, -1),): (1,), ((0, -1),): (0,)}
Q table final accu_reward is 2.315295 and time duration is 0.604170

test case 0

P Matrix is: 
[[(0.5677366367579706, 0.4322633632420294), (0.5281455241693198, 0.4718544758306802)], [(0.5677366367579706, 0.4322633632420294), (0.5281455241693198, 0.4718544758306802)], [(0.5677366367579706, 0.4322633632420294), (0.5281455241693198, 0.4718544758306802)], [(0.5677366367579706, 0.4322633632420294), (0.5281455241693198, 0.4718544758306802)], [(0.5677366367579706, 0.4322633632420294), (0.5281455241693198, 0.4718544758306802)]]

Whittle Index final accu_reward is 2.606410 and time duration is 1.522235

count_cvg is 174
{((-1, -1, -1, 0, -1),): (0,), ((-1, -1, 0, -1, -1),): (3,), ((-1, 0, -1, -1, -1),): (3,), ((1, -1, -1, -1, -1),): (0,), ((0, -1, -1, -1, -1),): (2,), ((-1, -1, 1, -1, -1),): (2,), ((-1, -1, -1, -1, 1),): (4,), ((-1, -1, -1, 1, -1),): (3,), ((-1, -1, -1, -1, 0),): (2,), ((-1, 1, -1, -1, -1),): (1,), ((0, -1),): (0,)}
Q table final accu_reward is 1.004896 and time duration is 0.586129

test case 0

P Matrix is: 
[[(0.5677366367579706, 0.4322633632420294), (0.5281455241693198, 0.4718544758306802)], [(0.5677366367579706, 0.4322633632420294), (0.5281455241693198, 0.4718544758306802)], [(0.5677366367579706, 0.4322633632420294), (0.5281455241693198, 0.4718544758306802)], [(0.5677366367579706, 0.4322633632420294), (0.5281455241693198, 0.4718544758306802)], [(0.5677366367579706, 0.4322633632420294), (0.5281455241693198, 0.4718544758306802)]]

Whittle Index final accu_reward is 3.635963 and time duration is 1.506066

count_cvg is 1
{((-1, -1, -1, 0, -1),): (4,), ((-1, -1, 0, -1, -1),): (4,), ((-1, 0, -1, -1, -1),): (3,), ((1, -1, -1, -1, -1),): (0,), ((0, -1, -1, -1, -1),): (0,), ((-1, -1, -1, 1, -1),): (3,), ((-1, -1, -1, -1, 1),): (4,), ((-1, -1, 1, -1, -1),): (2,), ((-1, -1, -1, -1, 0),): (0,), ((-1, 1, -1, -1, -1),): (1,), ((0, -1),): (0,)}
Q table final accu_reward is 3.285259 and time duration is 0.564102

test case 0

P Matrix is: 
[[(0.5677366367579706, 0.4322633632420294), (0.5281455241693198, 0.4718544758306802)], [(0.5677366367579706, 0.4322633632420294), (0.5281455241693198, 0.4718544758306802)], [(0.5677366367579706, 0.4322633632420294), (0.5281455241693198, 0.4718544758306802)], [(0.5677366367579706, 0.4322633632420294), (0.5281455241693198, 0.4718544758306802)], [(0.5677366367579706, 0.4322633632420294), (0.5281455241693198, 0.4718544758306802)]]

Whittle Index final accu_reward is 2.091053 and time duration is 1.500006

count_cvg is 72
{((-1, -1, -1, 0, -1),): (2,), ((-1, -1, 0, -1, -1),): (4,), ((-1, 0, -1, -1, -1),): (2,), ((1, -1, -1, -1, -1),): (0,), ((0, -1, -1, -1, -1),): (4,), ((-1, -1, 1, -1, -1),): (2,), ((-1, -1, -1, -1, 1),): (4,), ((-1, -1, -1, 1, -1),): (0,), ((-1, -1, -1, -1, 0),): (0,), ((-1, 1, -1, -1, -1),): (1,), ((0, -1),): (0,)}
Q table final accu_reward is 2.538671 and time duration is 0.582638

test case 0

P Matrix is: 
[[(0.5677366367579706, 0.4322633632420294), (0.5281455241693198, 0.4718544758306802)], [(0.5677366367579706, 0.4322633632420294), (0.5281455241693198, 0.4718544758306802)], [(0.5677366367579706, 0.4322633632420294), (0.5281455241693198, 0.4718544758306802)], [(0.5677366367579706, 0.4322633632420294), (0.5281455241693198, 0.4718544758306802)], [(0.5677366367579706, 0.4322633632420294), (0.5281455241693198, 0.4718544758306802)]]

Whittle Index final accu_reward is 2.239133 and time duration is 1.486320

count_cvg is 17
{((-1, -1, -1, 0, -1),): (0,), ((-1, -1, 0, -1, -1),): (0,), ((-1, 0, -1, -1, -1),): (4,), ((1, -1, -1, -1, -1),): (0,), ((0, -1, -1, -1, -1),): (3,), ((-1, -1, 1, -1, -1),): (2,), ((-1, -1, -1, -1, 1),): (4,), ((-1, -1, -1, 1, -1),): (3,), ((-1, -1, -1, -1, 0),): (3,), ((-1, 1, -1, -1, -1),): (1,), ((0, -1),): (0,)}
Q table final accu_reward is 2.003756 and time duration is 0.586982

test case 0

P Matrix is: 
[[(0.5677366367579706, 0.4322633632420294), (0.5281455241693198, 0.4718544758306802)], [(0.5677366367579706, 0.4322633632420294), (0.5281455241693198, 0.4718544758306802)], [(0.5677366367579706, 0.4322633632420294), (0.5281455241693198, 0.4718544758306802)], [(0.5677366367579706, 0.4322633632420294), (0.5281455241693198, 0.4718544758306802)], [(0.5677366367579706, 0.4322633632420294), (0.5281455241693198, 0.4718544758306802)]]

Whittle Index final accu_reward is 2.289626 and time duration is 1.506472

count_cvg is 447
{((-1, -1, 0, -1, -1),): (1,), ((-1, -1, -1, 0, -1),): (2,), ((-1, 0, -1, -1, -1),): (0,), ((1, -1, -1, -1, -1),): (0,), ((0, -1, -1, -1, -1),): (1,), ((-1, -1, -1, 1, -1),): (1,), ((-1, -1, -1, -1, 1),): (2,), ((-1, -1, 1, -1, -1),): (1,), ((-1, -1, -1, -1, 0),): (0,), ((-1, 1, -1, -1, -1),): (1,), ((0, -1),): (0,)}
Q table final accu_reward is 2.914289 and time duration is 0.559689

test case 0

P Matrix is: 
[[(0.5677366367579706, 0.4322633632420294), (0.5281455241693198, 0.4718544758306802)], [(0.5677366367579706, 0.4322633632420294), (0.5281455241693198, 0.4718544758306802)], [(0.5677366367579706, 0.4322633632420294), (0.5281455241693198, 0.4718544758306802)], [(0.5677366367579706, 0.4322633632420294), (0.5281455241693198, 0.4718544758306802)], [(0.5677366367579706, 0.4322633632420294), (0.5281455241693198, 0.4718544758306802)]]

Whittle Index final accu_reward is 2.695518 and time duration is 1.481513

count_cvg is 777
{((-1, -1, -1, 0, -1),): (4,), ((-1, -1, 0, -1, -1),): (4,), ((-1, 0, -1, -1, -1),): (4,), ((1, -1, -1, -1, -1),): (1,), ((0, -1, -1, -1, -1),): (1,), ((-1, -1, -1, 1, -1),): (0,), ((-1, -1, -1, -1, 1),): (4,), ((-1, -1, 1, -1, -1),): (1,), ((-1, -1, -1, -1, 0),): (1,), ((-1, 1, -1, -1, -1),): (1,), ((0, -1),): (0,)}
Q table final accu_reward is 1.915029 and time duration is 0.589778

test case 0

P Matrix is: 
[[(0.5677366367579706, 0.4322633632420294), (0.5281455241693198, 0.4718544758306802)], [(0.5677366367579706, 0.4322633632420294), (0.5281455241693198, 0.4718544758306802)], [(0.5677366367579706, 0.4322633632420294), (0.5281455241693198, 0.4718544758306802)], [(0.5677366367579706, 0.4322633632420294), (0.5281455241693198, 0.4718544758306802)], [(0.5677366367579706, 0.4322633632420294), (0.5281455241693198, 0.4718544758306802)]]

Whittle Index final accu_reward is 1.777745 and time duration is 1.482267

count_cvg is 57
{((-1, -1, -1, 0, -1),): (2,), ((-1, -1, 0, -1, -1),): (1,), ((-1, 0, -1, -1, -1),): (2,), ((1, -1, -1, -1, -1),): (2,), ((0, -1, -1, -1, -1),): (2,), ((-1, -1, 1, -1, -1),): (2,), ((-1, -1, -1, -1, 1),): (0,), ((-1, -1, -1, 1, -1),): (3,), ((-1, -1, -1, -1, 0),): (0,), ((-1, 1, -1, -1, -1),): (1,), ((0, -1),): (0,)}
Q table final accu_reward is 2.267481 and time duration is 0.588128

test case 0

P Matrix is: 
[[(0.5677366367579706, 0.4322633632420294), (0.5281455241693198, 0.4718544758306802)], [(0.5677366367579706, 0.4322633632420294), (0.5281455241693198, 0.4718544758306802)], [(0.5677366367579706, 0.4322633632420294), (0.5281455241693198, 0.4718544758306802)], [(0.5677366367579706, 0.4322633632420294), (0.5281455241693198, 0.4718544758306802)], [(0.5677366367579706, 0.4322633632420294), (0.5281455241693198, 0.4718544758306802)]]

Whittle Index final accu_reward is 1.654394 and time duration is 1.480680

count_cvg is 530
{((-1, -1, 0, -1, -1),): (3,), ((-1, -1, -1, 0, -1),): (0,), ((-1, 0, -1, -1, -1),): (2,), ((1, -1, -1, -1, -1),): (0,), ((0, -1, -1, -1, -1),): (4,), ((-1, -1, 1, -1, -1),): (2,), ((-1, -1, -1, -1, 1),): (4,), ((-1, -1, -1, 1, -1),): (3,), ((-1, -1, -1, -1, 0),): (2,), ((-1, 1, -1, -1, -1),): (1,), ((0, -1),): (0,)}
Q table final accu_reward is 1.546233 and time duration is 0.579314

test case 0

P Matrix is: 
[[(0.5677366367579706, 0.4322633632420294), (0.5281455241693198, 0.4718544758306802)], [(0.5677366367579706, 0.4322633632420294), (0.5281455241693198, 0.4718544758306802)], [(0.5677366367579706, 0.4322633632420294), (0.5281455241693198, 0.4718544758306802)], [(0.5677366367579706, 0.4322633632420294), (0.5281455241693198, 0.4718544758306802)], [(0.5677366367579706, 0.4322633632420294), (0.5281455241693198, 0.4718544758306802)]]

Whittle Index final accu_reward is 4.040202 and time duration is 1.467857

count_cvg is 62
{((-1, -1, -1, 0, -1),): (0,), ((-1, -1, 0, -1, -1),): (4,), ((-1, 0, -1, -1, -1),): (4,), ((1, -1, -1, -1, -1),): (0,), ((0, -1, -1, -1, -1),): (4,), ((-1, -1, 1, -1, -1),): (2,), ((-1, -1, -1, -1, 1),): (4,), ((-1, -1, -1, 1, -1),): (3,), ((-1, -1, -1, -1, 0),): (2,), ((-1, 1, -1, -1, -1),): (3,), ((0, -1),): (0,)}
Q table final accu_reward is 1.632529 and time duration is 0.588439

