test case 4

P Matrix is: 
[[(0.16540145411476614, 0.8345985458852339), (0.6102433666529967, 0.3897566333470033)], [(0.16540145411476614, 0.8345985458852339), (0.6102433666529967, 0.3897566333470033)], [(0.16540145411476614, 0.8345985458852339), (0.6102433666529967, 0.3897566333470033)], [(0.16540145411476614, 0.8345985458852339), (0.6102433666529967, 0.3897566333470033)], [(0.16540145411476614, 0.8345985458852339), (0.6102433666529967, 0.3897566333470033)]]

Whittle Index final accu_reward is 2.742557 and time duration is 1.505296

count_cvg is 175
{((-1, -1, -1, 0, -1),): (3,), ((-1, -1, 0, -1, -1),): (2,), ((-1, 0, -1, -1, -1),): (1,), ((1, -1, -1, -1, -1),): (1,), ((0, -1, -1, -1, -1),): (0,), ((-1, -1, 1, -1, -1),): (0,), ((-1, -1, -1, -1, 1),): (2,), ((-1, -1, -1, 1, -1),): (2,), ((-1, -1, -1, -1, 0),): (4,), ((-1, 1, -1, -1, -1),): (4,), ((0, -1),): (0,)}
Q table final accu_reward is 2.812066 and time duration is 0.589699

test case 4

P Matrix is: 
[[(0.16540145411476614, 0.8345985458852339), (0.6102433666529967, 0.3897566333470033)], [(0.16540145411476614, 0.8345985458852339), (0.6102433666529967, 0.3897566333470033)], [(0.16540145411476614, 0.8345985458852339), (0.6102433666529967, 0.3897566333470033)], [(0.16540145411476614, 0.8345985458852339), (0.6102433666529967, 0.3897566333470033)], [(0.16540145411476614, 0.8345985458852339), (0.6102433666529967, 0.3897566333470033)]]

Whittle Index final accu_reward is 2.116108 and time duration is 1.529178

count_cvg is 2
{((-1, -1, -1, 0, -1),): (3,), ((-1, -1, 0, -1, -1),): (2,), ((-1, 0, -1, -1, -1),): (1,), ((1, -1, -1, -1, -1),): (1,), ((0, -1, -1, -1, -1),): (0,), ((-1, -1, 1, -1, -1),): (4,), ((-1, -1, -1, -1, 1),): (3,), ((-1, -1, -1, 1, -1),): (4,), ((-1, -1, -1, -1, 0),): (4,), ((-1, 1, -1, -1, -1),): (2,), ((0, -1),): (0,)}
Q table final accu_reward is 3.211971 and time duration is 0.606158

test case 4

P Matrix is: 
[[(0.16540145411476614, 0.8345985458852339), (0.6102433666529967, 0.3897566333470033)], [(0.16540145411476614, 0.8345985458852339), (0.6102433666529967, 0.3897566333470033)], [(0.16540145411476614, 0.8345985458852339), (0.6102433666529967, 0.3897566333470033)], [(0.16540145411476614, 0.8345985458852339), (0.6102433666529967, 0.3897566333470033)], [(0.16540145411476614, 0.8345985458852339), (0.6102433666529967, 0.3897566333470033)]]

Whittle Index final accu_reward is 2.667573 and time duration is 1.507878

count_cvg is 8
{((-1, -1, -1, 0, -1),): (3,), ((-1, -1, 0, -1, -1),): (2,), ((-1, 0, -1, -1, -1),): (1,), ((1, -1, -1, -1, -1),): (3,), ((0, -1, -1, -1, -1),): (0,), ((-1, -1, 1, -1, -1),): (4,), ((-1, -1, -1, -1, 1),): (3,), ((-1, -1, -1, 1, -1),): (2,), ((-1, -1, -1, -1, 0),): (4,), ((-1, 1, -1, -1, -1),): (2,), ((0, -1),): (0,)}
Q table final accu_reward is 3.172107 and time duration is 0.573550

test case 4

P Matrix is: 
[[(0.16540145411476614, 0.8345985458852339), (0.6102433666529967, 0.3897566333470033)], [(0.16540145411476614, 0.8345985458852339), (0.6102433666529967, 0.3897566333470033)], [(0.16540145411476614, 0.8345985458852339), (0.6102433666529967, 0.3897566333470033)], [(0.16540145411476614, 0.8345985458852339), (0.6102433666529967, 0.3897566333470033)], [(0.16540145411476614, 0.8345985458852339), (0.6102433666529967, 0.3897566333470033)]]

Whittle Index final accu_reward is 2.327988 and time duration is 1.514630

count_cvg is 8
{((-1, -1, -1, 0, -1),): (3,), ((-1, -1, 0, -1, -1),): (2,), ((-1, 0, -1, -1, -1),): (1,), ((1, -1, -1, -1, -1),): (3,), ((0, -1, -1, -1, -1),): (0,), ((-1, -1, 1, -1, -1),): (3,), ((-1, -1, -1, -1, 1),): (3,), ((-1, -1, -1, 1, -1),): (0,), ((-1, -1, -1, -1, 0),): (4,), ((-1, 1, -1, -1, -1),): (4,), ((0, -1),): (0,)}
Q table final accu_reward is 3.532676 and time duration is 0.588144

test case 4

P Matrix is: 
[[(0.16540145411476614, 0.8345985458852339), (0.6102433666529967, 0.3897566333470033)], [(0.16540145411476614, 0.8345985458852339), (0.6102433666529967, 0.3897566333470033)], [(0.16540145411476614, 0.8345985458852339), (0.6102433666529967, 0.3897566333470033)], [(0.16540145411476614, 0.8345985458852339), (0.6102433666529967, 0.3897566333470033)], [(0.16540145411476614, 0.8345985458852339), (0.6102433666529967, 0.3897566333470033)]]

Whittle Index final accu_reward is 3.876150 and time duration is 1.534744

count_cvg is 25
{((-1, -1, 0, -1, -1),): (2,), ((-1, -1, -1, 0, -1),): (3,), ((-1, 0, -1, -1, -1),): (1,), ((1, -1, -1, -1, -1),): (3,), ((0, -1, -1, -1, -1),): (0,), ((-1, -1, 1, -1, -1),): (4,), ((-1, -1, -1, -1, 1),): (0,), ((-1, -1, -1, 1, -1),): (2,), ((-1, -1, -1, -1, 0),): (4,), ((-1, 1, -1, -1, -1),): (4,), ((0, -1),): (0,)}
Q table final accu_reward is 2.289214 and time duration is 0.577257

test case 4

P Matrix is: 
[[(0.16540145411476614, 0.8345985458852339), (0.6102433666529967, 0.3897566333470033)], [(0.16540145411476614, 0.8345985458852339), (0.6102433666529967, 0.3897566333470033)], [(0.16540145411476614, 0.8345985458852339), (0.6102433666529967, 0.3897566333470033)], [(0.16540145411476614, 0.8345985458852339), (0.6102433666529967, 0.3897566333470033)], [(0.16540145411476614, 0.8345985458852339), (0.6102433666529967, 0.3897566333470033)]]

Whittle Index final accu_reward is 3.830194 and time duration is 1.515454

count_cvg is 7
{((-1, -1, -1, 0, -1),): (3,), ((-1, -1, 0, -1, -1),): (2,), ((-1, 0, -1, -1, -1),): (1,), ((1, -1, -1, -1, -1),): (1,), ((0, -1, -1, -1, -1),): (0,), ((-1, -1, 1, -1, -1),): (4,), ((-1, -1, -1, -1, 1),): (1,), ((-1, -1, -1, 1, -1),): (2,), ((-1, -1, -1, -1, 0),): (4,), ((-1, 1, -1, -1, -1),): (0,), ((0, -1),): (0,)}
Q table final accu_reward is 4.587489 and time duration is 0.551430

test case 4

P Matrix is: 
[[(0.16540145411476614, 0.8345985458852339), (0.6102433666529967, 0.3897566333470033)], [(0.16540145411476614, 0.8345985458852339), (0.6102433666529967, 0.3897566333470033)], [(0.16540145411476614, 0.8345985458852339), (0.6102433666529967, 0.3897566333470033)], [(0.16540145411476614, 0.8345985458852339), (0.6102433666529967, 0.3897566333470033)], [(0.16540145411476614, 0.8345985458852339), (0.6102433666529967, 0.3897566333470033)]]

Whittle Index final accu_reward is 2.265227 and time duration is 1.510095

count_cvg is 15
{((-1, -1, 0, -1, -1),): (2,), ((-1, -1, -1, 0, -1),): (3,), ((-1, 0, -1, -1, -1),): (1,), ((1, -1, -1, -1, -1),): (1,), ((0, -1, -1, -1, -1),): (0,), ((-1, -1, 1, -1, -1),): (0,), ((-1, -1, -1, -1, 1),): (2,), ((-1, -1, -1, 1, -1),): (1,), ((-1, -1, -1, -1, 0),): (4,), ((-1, 1, -1, -1, -1),): (0,), ((0, -1),): (0,)}
Q table final accu_reward is 2.905970 and time duration is 0.645451

test case 4

P Matrix is: 
[[(0.16540145411476614, 0.8345985458852339), (0.6102433666529967, 0.3897566333470033)], [(0.16540145411476614, 0.8345985458852339), (0.6102433666529967, 0.3897566333470033)], [(0.16540145411476614, 0.8345985458852339), (0.6102433666529967, 0.3897566333470033)], [(0.16540145411476614, 0.8345985458852339), (0.6102433666529967, 0.3897566333470033)], [(0.16540145411476614, 0.8345985458852339), (0.6102433666529967, 0.3897566333470033)]]

Whittle Index final accu_reward is 4.538256 and time duration is 1.512937

count_cvg is 3
{((-1, -1, -1, 0, -1),): (3,), ((-1, -1, 0, -1, -1),): (2,), ((-1, 0, -1, -1, -1),): (1,), ((1, -1, -1, -1, -1),): (3,), ((0, -1, -1, -1, -1),): (0,), ((-1, -1, 1, -1, -1),): (1,), ((-1, -1, -1, -1, 1),): (2,), ((-1, -1, -1, 1, -1),): (1,), ((-1, -1, -1, -1, 0),): (4,), ((-1, 1, -1, -1, -1),): (4,), ((0, -1),): (0,)}
Q table final accu_reward is 3.039872 and time duration is 0.598177

test case 4

P Matrix is: 
[[(0.16540145411476614, 0.8345985458852339), (0.6102433666529967, 0.3897566333470033)], [(0.16540145411476614, 0.8345985458852339), (0.6102433666529967, 0.3897566333470033)], [(0.16540145411476614, 0.8345985458852339), (0.6102433666529967, 0.3897566333470033)], [(0.16540145411476614, 0.8345985458852339), (0.6102433666529967, 0.3897566333470033)], [(0.16540145411476614, 0.8345985458852339), (0.6102433666529967, 0.3897566333470033)]]

Whittle Index final accu_reward is 3.880942 and time duration is 1.528193

count_cvg is 131
{((-1, -1, -1, 0, -1),): (3,), ((-1, -1, 0, -1, -1),): (2,), ((-1, 0, -1, -1, -1),): (1,), ((1, -1, -1, -1, -1),): (3,), ((0, -1, -1, -1, -1),): (0,), ((-1, -1, 1, -1, -1),): (4,), ((-1, -1, -1, -1, 1),): (2,), ((-1, -1, -1, 1, -1),): (4,), ((-1, -1, -1, -1, 0),): (4,), ((-1, 1, -1, -1, -1),): (4,), ((0, -1),): (0,)}
Q table final accu_reward is 4.056551 and time duration is 0.587047

test case 4

P Matrix is: 
[[(0.16540145411476614, 0.8345985458852339), (0.6102433666529967, 0.3897566333470033)], [(0.16540145411476614, 0.8345985458852339), (0.6102433666529967, 0.3897566333470033)], [(0.16540145411476614, 0.8345985458852339), (0.6102433666529967, 0.3897566333470033)], [(0.16540145411476614, 0.8345985458852339), (0.6102433666529967, 0.3897566333470033)], [(0.16540145411476614, 0.8345985458852339), (0.6102433666529967, 0.3897566333470033)]]

Whittle Index final accu_reward is 2.665892 and time duration is 1.486344

count_cvg is 55
{((-1, -1, -1, 0, -1),): (3,), ((-1, -1, 0, -1, -1),): (2,), ((-1, 0, -1, -1, -1),): (1,), ((1, -1, -1, -1, -1),): (2,), ((0, -1, -1, -1, -1),): (0,), ((-1, -1, 1, -1, -1),): (1,), ((-1, -1, -1, -1, 1),): (1,), ((-1, -1, -1, 1, -1),): (0,), ((-1, -1, -1, -1, 0),): (4,), ((-1, 1, -1, -1, -1),): (4,), ((0, -1),): (0,)}
Q table final accu_reward is 3.761152 and time duration is 0.584039

