test case 5

P Matrix is: 
[[(0.03473416683790065, 0.9652658331620994), (0.8878879883803291, 0.11211201161967088)], [(0.03473416683790065, 0.9652658331620994), (0.8878879883803291, 0.11211201161967088)], [(0.03473416683790065, 0.9652658331620994), (0.8878879883803291, 0.11211201161967088)], [(0.03473416683790065, 0.9652658331620994), (0.8878879883803291, 0.11211201161967088)], [(0.03473416683790065, 0.9652658331620994), (0.8878879883803291, 0.11211201161967088)]]

Whittle Index final accu_reward is 3.977441 and time duration is 1.508462

count_cvg is 0
{((-1, -1, 0, -1, -1),): (2,), ((-1, -1, -1, 0, -1),): (3,), ((-1, 0, -1, -1, -1),): (1,), ((1, -1, -1, -1, -1),): (2,), ((0, -1, -1, -1, -1),): (0,), ((-1, -1, 1, -1, -1),): (4,), ((-1, -1, -1, -1, 1),): (0,), ((-1, -1, -1, 1, -1),): (1,), ((-1, -1, -1, -1, 0),): (4,), ((-1, 1, -1, -1, -1),): (3,), ((0, -1),): (0,)}
Q table final accu_reward is 2.817096 and time duration is 0.579915

test case 5

P Matrix is: 
[[(0.03473416683790065, 0.9652658331620994), (0.8878879883803291, 0.11211201161967088)], [(0.03473416683790065, 0.9652658331620994), (0.8878879883803291, 0.11211201161967088)], [(0.03473416683790065, 0.9652658331620994), (0.8878879883803291, 0.11211201161967088)], [(0.03473416683790065, 0.9652658331620994), (0.8878879883803291, 0.11211201161967088)], [(0.03473416683790065, 0.9652658331620994), (0.8878879883803291, 0.11211201161967088)]]

Whittle Index final accu_reward is 4.141794 and time duration is 1.480858

count_cvg is 149
{((-1, -1, -1, 0, -1),): (3,), ((-1, -1, 0, -1, -1),): (2,), ((-1, 0, -1, -1, -1),): (1,), ((1, -1, -1, -1, -1),): (2,), ((0, -1, -1, -1, -1),): (0,), ((-1, -1, 1, -1, -1),): (1,), ((-1, -1, -1, -1, 1),): (3,), ((-1, -1, -1, 1, -1),): (2,), ((-1, -1, -1, -1, 0),): (4,), ((-1, 1, -1, -1, -1),): (4,), ((0, -1),): (0,)}
Q table final accu_reward is 2.917967 and time duration is 0.582582

test case 5

P Matrix is: 
[[(0.03473416683790065, 0.9652658331620994), (0.8878879883803291, 0.11211201161967088)], [(0.03473416683790065, 0.9652658331620994), (0.8878879883803291, 0.11211201161967088)], [(0.03473416683790065, 0.9652658331620994), (0.8878879883803291, 0.11211201161967088)], [(0.03473416683790065, 0.9652658331620994), (0.8878879883803291, 0.11211201161967088)], [(0.03473416683790065, 0.9652658331620994), (0.8878879883803291, 0.11211201161967088)]]

Whittle Index final accu_reward is 3.767169 and time duration is 1.517002

count_cvg is 10
{((-1, -1, -1, 0, -1),): (3,), ((-1, -1, 0, -1, -1),): (2,), ((-1, 0, -1, -1, -1),): (1,), ((1, -1, -1, -1, -1),): (4,), ((0, -1, -1, -1, -1),): (0,), ((-1, -1, 1, -1, -1),): (0,), ((-1, -1, -1, -1, 1),): (0,), ((-1, -1, -1, 1, -1),): (2,), ((-1, -1, -1, -1, 0),): (4,), ((-1, 1, -1, -1, -1),): (4,), ((0, -1),): (0,)}
Q table final accu_reward is 3.113598 and time duration is 0.579791

test case 5

P Matrix is: 
[[(0.03473416683790065, 0.9652658331620994), (0.8878879883803291, 0.11211201161967088)], [(0.03473416683790065, 0.9652658331620994), (0.8878879883803291, 0.11211201161967088)], [(0.03473416683790065, 0.9652658331620994), (0.8878879883803291, 0.11211201161967088)], [(0.03473416683790065, 0.9652658331620994), (0.8878879883803291, 0.11211201161967088)], [(0.03473416683790065, 0.9652658331620994), (0.8878879883803291, 0.11211201161967088)]]

Whittle Index final accu_reward is 3.796626 and time duration is 1.482429

count_cvg is 88
{((-1, -1, 0, -1, -1),): (2,), ((-1, -1, -1, 0, -1),): (3,), ((-1, 0, -1, -1, -1),): (1,), ((1, -1, -1, -1, -1),): (3,), ((0, -1, -1, -1, -1),): (0,), ((-1, -1, 1, -1, -1),): (1,), ((-1, -1, -1, -1, 1),): (1,), ((-1, -1, -1, 1, -1),): (1,), ((-1, -1, -1, -1, 0),): (4,), ((-1, 1, -1, -1, -1),): (0,), ((0, -1),): (0,)}
Q table final accu_reward is 3.872696 and time duration is 0.575272

test case 5

P Matrix is: 
[[(0.03473416683790065, 0.9652658331620994), (0.8878879883803291, 0.11211201161967088)], [(0.03473416683790065, 0.9652658331620994), (0.8878879883803291, 0.11211201161967088)], [(0.03473416683790065, 0.9652658331620994), (0.8878879883803291, 0.11211201161967088)], [(0.03473416683790065, 0.9652658331620994), (0.8878879883803291, 0.11211201161967088)], [(0.03473416683790065, 0.9652658331620994), (0.8878879883803291, 0.11211201161967088)]]

Whittle Index final accu_reward is 3.898829 and time duration is 1.482987

count_cvg is 6
{((-1, -1, -1, 0, -1),): (3,), ((-1, -1, 0, -1, -1),): (2,), ((-1, 0, -1, -1, -1),): (1,), ((1, -1, -1, -1, -1),): (1,), ((0, -1, -1, -1, -1),): (0,), ((-1, -1, -1, 1, -1),): (1,), ((-1, -1, -1, -1, 1),): (1,), ((-1, -1, 1, -1, -1),): (3,), ((-1, -1, -1, -1, 0),): (4,), ((-1, 1, -1, -1, -1),): (2,), ((0, -1),): (0,)}
Q table final accu_reward is 2.914288 and time duration is 0.569436

test case 5

P Matrix is: 
[[(0.03473416683790065, 0.9652658331620994), (0.8878879883803291, 0.11211201161967088)], [(0.03473416683790065, 0.9652658331620994), (0.8878879883803291, 0.11211201161967088)], [(0.03473416683790065, 0.9652658331620994), (0.8878879883803291, 0.11211201161967088)], [(0.03473416683790065, 0.9652658331620994), (0.8878879883803291, 0.11211201161967088)], [(0.03473416683790065, 0.9652658331620994), (0.8878879883803291, 0.11211201161967088)]]

Whittle Index final accu_reward is 2.887153 and time duration is 1.501035

count_cvg is 1
{((-1, -1, 0, -1, -1),): (2,), ((-1, -1, -1, 0, -1),): (3,), ((-1, 0, -1, -1, -1),): (1,), ((1, -1, -1, -1, -1),): (4,), ((0, -1, -1, -1, -1),): (0,), ((-1, -1, 1, -1, -1),): (3,), ((-1, -1, -1, -1, 1),): (3,), ((-1, -1, -1, 1, -1),): (0,), ((-1, -1, -1, -1, 0),): (4,), ((-1, 1, -1, -1, -1),): (2,), ((0, -1),): (0,)}
Q table final accu_reward is 3.619913 and time duration is 0.575483

test case 5

P Matrix is: 
[[(0.03473416683790065, 0.9652658331620994), (0.8878879883803291, 0.11211201161967088)], [(0.03473416683790065, 0.9652658331620994), (0.8878879883803291, 0.11211201161967088)], [(0.03473416683790065, 0.9652658331620994), (0.8878879883803291, 0.11211201161967088)], [(0.03473416683790065, 0.9652658331620994), (0.8878879883803291, 0.11211201161967088)], [(0.03473416683790065, 0.9652658331620994), (0.8878879883803291, 0.11211201161967088)]]

Whittle Index final accu_reward is 3.978858 and time duration is 1.529073

count_cvg is 11
{((-1, -1, -1, 0, -1),): (3,), ((-1, -1, 0, -1, -1),): (2,), ((-1, 0, -1, -1, -1),): (1,), ((1, -1, -1, -1, -1),): (4,), ((0, -1, -1, -1, -1),): (0,), ((-1, -1, 1, -1, -1),): (4,), ((-1, -1, -1, -1, 1),): (0,), ((-1, -1, -1, 1, -1),): (0,), ((-1, -1, -1, -1, 0),): (4,), ((-1, 1, -1, -1, -1),): (3,), ((0, -1),): (0,)}
Q table final accu_reward is 3.615849 and time duration is 0.593663

test case 5

P Matrix is: 
[[(0.03473416683790065, 0.9652658331620994), (0.8878879883803291, 0.11211201161967088)], [(0.03473416683790065, 0.9652658331620994), (0.8878879883803291, 0.11211201161967088)], [(0.03473416683790065, 0.9652658331620994), (0.8878879883803291, 0.11211201161967088)], [(0.03473416683790065, 0.9652658331620994), (0.8878879883803291, 0.11211201161967088)], [(0.03473416683790065, 0.9652658331620994), (0.8878879883803291, 0.11211201161967088)]]

Whittle Index final accu_reward is 3.286800 and time duration is 1.863560

count_cvg is 6
{((-1, -1, -1, 0, -1),): (3,), ((-1, -1, 0, -1, -1),): (2,), ((-1, 0, -1, -1, -1),): (1,), ((1, -1, -1, -1, -1),): (1,), ((0, -1, -1, -1, -1),): (0,), ((-1, -1, 1, -1, -1),): (1,), ((-1, -1, -1, -1, 1),): (2,), ((-1, -1, -1, 1, -1),): (2,), ((-1, -1, -1, -1, 0),): (4,), ((-1, 1, -1, -1, -1),): (2,), ((0, -1),): (0,)}
Q table final accu_reward is 3.142609 and time duration is 0.577423

test case 5

P Matrix is: 
[[(0.03473416683790065, 0.9652658331620994), (0.8878879883803291, 0.11211201161967088)], [(0.03473416683790065, 0.9652658331620994), (0.8878879883803291, 0.11211201161967088)], [(0.03473416683790065, 0.9652658331620994), (0.8878879883803291, 0.11211201161967088)], [(0.03473416683790065, 0.9652658331620994), (0.8878879883803291, 0.11211201161967088)], [(0.03473416683790065, 0.9652658331620994), (0.8878879883803291, 0.11211201161967088)]]

Whittle Index final accu_reward is 3.323899 and time duration is 1.524063

count_cvg is 11
{((-1, -1, -1, 0, -1),): (3,), ((-1, -1, 0, -1, -1),): (2,), ((-1, 0, -1, -1, -1),): (1,), ((1, -1, -1, -1, -1),): (2,), ((0, -1, -1, -1, -1),): (0,), ((-1, -1, -1, 1, -1),): (0,), ((-1, -1, -1, -1, 1),): (2,), ((-1, -1, 1, -1, -1),): (3,), ((-1, -1, -1, -1, 0),): (4,), ((-1, 1, -1, -1, -1),): (2,), ((0, -1),): (0,)}
Q table final accu_reward is 2.785111 and time duration is 0.568896

test case 5

P Matrix is: 
[[(0.03473416683790065, 0.9652658331620994), (0.8878879883803291, 0.11211201161967088)], [(0.03473416683790065, 0.9652658331620994), (0.8878879883803291, 0.11211201161967088)], [(0.03473416683790065, 0.9652658331620994), (0.8878879883803291, 0.11211201161967088)], [(0.03473416683790065, 0.9652658331620994), (0.8878879883803291, 0.11211201161967088)], [(0.03473416683790065, 0.9652658331620994), (0.8878879883803291, 0.11211201161967088)]]

Whittle Index final accu_reward is 4.107079 and time duration is 1.492994

count_cvg is 2
{((-1, -1, 0, -1, -1),): (2,), ((-1, -1, -1, 0, -1),): (3,), ((-1, 0, -1, -1, -1),): (1,), ((1, -1, -1, -1, -1),): (3,), ((0, -1, -1, -1, -1),): (0,), ((-1, -1, 1, -1, -1),): (0,), ((-1, -1, -1, -1, 1),): (0,), ((-1, -1, -1, 1, -1),): (2,), ((-1, -1, -1, -1, 0),): (4,), ((-1, 1, -1, -1, -1),): (4,), ((0, -1),): (0,)}
Q table final accu_reward is 2.371319 and time duration is 0.580848

