test case 8

P Matrix is: 
[[(0.2139019917091609, 0.7860980082908391), (0.5543540129310504, 0.44564598706894964)], [(0.2139019917091609, 0.7860980082908391), (0.5543540129310504, 0.44564598706894964)], [(0.2139019917091609, 0.7860980082908391), (0.5543540129310504, 0.44564598706894964)], [(0.2139019917091609, 0.7860980082908391), (0.5543540129310504, 0.44564598706894964)], [(0.2139019917091609, 0.7860980082908391), (0.5543540129310504, 0.44564598706894964)]]

Whittle Index final accu_reward is 2.044208 and time duration is 1.537314

count_cvg is 108
{((-1, -1, -1, 0, -1),): (3,), ((-1, -1, 0, -1, -1),): (2,), ((-1, 0, -1, -1, -1),): (1,), ((1, -1, -1, -1, -1),): (2,), ((0, -1, -1, -1, -1),): (0,), ((-1, -1, 1, -1, -1),): (1,), ((-1, -1, -1, -1, 1),): (0,), ((-1, -1, -1, 1, -1),): (1,), ((-1, -1, -1, -1, 0),): (4,), ((-1, 1, -1, -1, -1),): (0,), ((0, -1),): (0,)}
Q table final accu_reward is 4.076155 and time duration is 0.581581

test case 8

P Matrix is: 
[[(0.2139019917091609, 0.7860980082908391), (0.5543540129310504, 0.44564598706894964)], [(0.2139019917091609, 0.7860980082908391), (0.5543540129310504, 0.44564598706894964)], [(0.2139019917091609, 0.7860980082908391), (0.5543540129310504, 0.44564598706894964)], [(0.2139019917091609, 0.7860980082908391), (0.5543540129310504, 0.44564598706894964)], [(0.2139019917091609, 0.7860980082908391), (0.5543540129310504, 0.44564598706894964)]]

Whittle Index final accu_reward is 3.108713 and time duration is 1.490930

count_cvg is 2
{((-1, -1, -1, 0, -1),): (3,), ((-1, -1, 0, -1, -1),): (2,), ((-1, 0, -1, -1, -1),): (1,), ((1, -1, -1, -1, -1),): (4,), ((0, -1, -1, -1, -1),): (0,), ((-1, -1, 1, -1, -1),): (4,), ((-1, -1, -1, -1, 1),): (2,), ((-1, -1, -1, 1, -1),): (2,), ((-1, -1, -1, -1, 0),): (4,), ((-1, 1, -1, -1, -1),): (2,), ((0, -1),): (0,)}
Q table final accu_reward is 3.935598 and time duration is 0.582603

test case 8

P Matrix is: 
[[(0.2139019917091609, 0.7860980082908391), (0.5543540129310504, 0.44564598706894964)], [(0.2139019917091609, 0.7860980082908391), (0.5543540129310504, 0.44564598706894964)], [(0.2139019917091609, 0.7860980082908391), (0.5543540129310504, 0.44564598706894964)], [(0.2139019917091609, 0.7860980082908391), (0.5543540129310504, 0.44564598706894964)], [(0.2139019917091609, 0.7860980082908391), (0.5543540129310504, 0.44564598706894964)]]

Whittle Index final accu_reward is 3.465139 and time duration is 1.513357

count_cvg is 31
{((-1, -1, -1, 0, -1),): (3,), ((-1, -1, 0, -1, -1),): (2,), ((-1, 0, -1, -1, -1),): (1,), ((1, -1, -1, -1, -1),): (2,), ((0, -1, -1, -1, -1),): (0,), ((-1, -1, 1, -1, -1),): (1,), ((-1, -1, -1, -1, 1),): (3,), ((-1, -1, -1, 1, -1),): (2,), ((-1, -1, -1, -1, 0),): (4,), ((-1, 1, -1, -1, -1),): (3,), ((0, -1),): (0,)}
Q table final accu_reward is 3.228759 and time duration is 0.579500

test case 8

P Matrix is: 
[[(0.2139019917091609, 0.7860980082908391), (0.5543540129310504, 0.44564598706894964)], [(0.2139019917091609, 0.7860980082908391), (0.5543540129310504, 0.44564598706894964)], [(0.2139019917091609, 0.7860980082908391), (0.5543540129310504, 0.44564598706894964)], [(0.2139019917091609, 0.7860980082908391), (0.5543540129310504, 0.44564598706894964)], [(0.2139019917091609, 0.7860980082908391), (0.5543540129310504, 0.44564598706894964)]]

Whittle Index final accu_reward is 4.036721 and time duration is 1.508401

count_cvg is 27
{((-1, -1, -1, 0, -1),): (3,), ((-1, -1, 0, -1, -1),): (2,), ((-1, 0, -1, -1, -1),): (1,), ((1, -1, -1, -1, -1),): (3,), ((0, -1, -1, -1, -1),): (0,), ((-1, -1, 1, -1, -1),): (0,), ((-1, -1, -1, -1, 1),): (0,), ((-1, -1, -1, 1, -1),): (2,), ((-1, -1, -1, -1, 0),): (4,), ((-1, 1, -1, -1, -1),): (2,), ((0, -1),): (0,)}
Q table final accu_reward is 4.524268 and time duration is 0.588207

test case 8

P Matrix is: 
[[(0.2139019917091609, 0.7860980082908391), (0.5543540129310504, 0.44564598706894964)], [(0.2139019917091609, 0.7860980082908391), (0.5543540129310504, 0.44564598706894964)], [(0.2139019917091609, 0.7860980082908391), (0.5543540129310504, 0.44564598706894964)], [(0.2139019917091609, 0.7860980082908391), (0.5543540129310504, 0.44564598706894964)], [(0.2139019917091609, 0.7860980082908391), (0.5543540129310504, 0.44564598706894964)]]

Whittle Index final accu_reward is 3.129145 and time duration is 1.488970

count_cvg is 179
{((-1, -1, 0, -1, -1),): (2,), ((-1, -1, -1, 0, -1),): (3,), ((-1, 0, -1, -1, -1),): (1,), ((1, -1, -1, -1, -1),): (2,), ((0, -1, -1, -1, -1),): (0,), ((-1, -1, 1, -1, -1),): (3,), ((-1, -1, -1, -1, 1),): (3,), ((-1, -1, -1, 1, -1),): (1,), ((-1, -1, -1, -1, 0),): (4,), ((-1, 1, -1, -1, -1),): (3,), ((0, -1),): (0,)}
Q table final accu_reward is 2.540017 and time duration is 0.577888

test case 8

P Matrix is: 
[[(0.2139019917091609, 0.7860980082908391), (0.5543540129310504, 0.44564598706894964)], [(0.2139019917091609, 0.7860980082908391), (0.5543540129310504, 0.44564598706894964)], [(0.2139019917091609, 0.7860980082908391), (0.5543540129310504, 0.44564598706894964)], [(0.2139019917091609, 0.7860980082908391), (0.5543540129310504, 0.44564598706894964)], [(0.2139019917091609, 0.7860980082908391), (0.5543540129310504, 0.44564598706894964)]]

Whittle Index final accu_reward is 3.079199 and time duration is 1.498508

count_cvg is 7
{((-1, -1, -1, 0, -1),): (3,), ((-1, -1, 0, -1, -1),): (2,), ((-1, 0, -1, -1, -1),): (1,), ((1, -1, -1, -1, -1),): (3,), ((0, -1, -1, -1, -1),): (0,), ((-1, -1, 1, -1, -1),): (3,), ((-1, -1, -1, -1, 1),): (2,), ((-1, -1, -1, 1, -1),): (2,), ((-1, -1, -1, -1, 0),): (4,), ((-1, 1, -1, -1, -1),): (4,), ((0, -1),): (0,)}
Q table final accu_reward is 2.335816 and time duration is 0.593740

test case 8

P Matrix is: 
[[(0.2139019917091609, 0.7860980082908391), (0.5543540129310504, 0.44564598706894964)], [(0.2139019917091609, 0.7860980082908391), (0.5543540129310504, 0.44564598706894964)], [(0.2139019917091609, 0.7860980082908391), (0.5543540129310504, 0.44564598706894964)], [(0.2139019917091609, 0.7860980082908391), (0.5543540129310504, 0.44564598706894964)], [(0.2139019917091609, 0.7860980082908391), (0.5543540129310504, 0.44564598706894964)]]

Whittle Index final accu_reward is 3.678665 and time duration is 1.497526

count_cvg is 4
{((-1, -1, -1, 0, -1),): (3,), ((-1, -1, 0, -1, -1),): (2,), ((-1, 0, -1, -1, -1),): (1,), ((1, -1, -1, -1, -1),): (3,), ((0, -1, -1, -1, -1),): (0,), ((-1, -1, 1, -1, -1),): (0,), ((-1, -1, -1, -1, 1),): (1,), ((-1, -1, -1, 1, -1),): (2,), ((-1, -1, -1, -1, 0),): (4,), ((-1, 1, -1, -1, -1),): (0,), ((0, -1),): (0,)}
Q table final accu_reward is 2.683822 and time duration is 0.573483

test case 8

P Matrix is: 
[[(0.2139019917091609, 0.7860980082908391), (0.5543540129310504, 0.44564598706894964)], [(0.2139019917091609, 0.7860980082908391), (0.5543540129310504, 0.44564598706894964)], [(0.2139019917091609, 0.7860980082908391), (0.5543540129310504, 0.44564598706894964)], [(0.2139019917091609, 0.7860980082908391), (0.5543540129310504, 0.44564598706894964)], [(0.2139019917091609, 0.7860980082908391), (0.5543540129310504, 0.44564598706894964)]]

Whittle Index final accu_reward is 2.920063 and time duration is 1.487324

count_cvg is 8
{((-1, -1, 0, -1, -1),): (2,), ((-1, -1, -1, 0, -1),): (3,), ((-1, 0, -1, -1, -1),): (1,), ((1, -1, -1, -1, -1),): (3,), ((0, -1, -1, -1, -1),): (0,), ((-1, -1, 1, -1, -1),): (4,), ((-1, -1, -1, -1, 1),): (2,), ((-1, -1, -1, 1, -1),): (4,), ((-1, -1, -1, -1, 0),): (4,), ((-1, 1, -1, -1, -1),): (3,), ((0, -1),): (0,)}
Q table final accu_reward is 2.498082 and time duration is 0.591672

test case 8

P Matrix is: 
[[(0.2139019917091609, 0.7860980082908391), (0.5543540129310504, 0.44564598706894964)], [(0.2139019917091609, 0.7860980082908391), (0.5543540129310504, 0.44564598706894964)], [(0.2139019917091609, 0.7860980082908391), (0.5543540129310504, 0.44564598706894964)], [(0.2139019917091609, 0.7860980082908391), (0.5543540129310504, 0.44564598706894964)], [(0.2139019917091609, 0.7860980082908391), (0.5543540129310504, 0.44564598706894964)]]

Whittle Index final accu_reward is 3.119066 and time duration is 1.497482

count_cvg is 72
{((-1, -1, -1, 0, -1),): (3,), ((-1, -1, 0, -1, -1),): (2,), ((-1, 0, -1, -1, -1),): (1,), ((1, -1, -1, -1, -1),): (2,), ((0, -1, -1, -1, -1),): (0,), ((-1, -1, 1, -1, -1),): (3,), ((-1, -1, -1, -1, 1),): (2,), ((-1, -1, -1, 1, -1),): (0,), ((-1, -1, -1, -1, 0),): (4,), ((-1, 1, -1, -1, -1),): (4,), ((0, -1),): (0,)}
Q table final accu_reward is 4.032145 and time duration is 0.577871

test case 8

P Matrix is: 
[[(0.2139019917091609, 0.7860980082908391), (0.5543540129310504, 0.44564598706894964)], [(0.2139019917091609, 0.7860980082908391), (0.5543540129310504, 0.44564598706894964)], [(0.2139019917091609, 0.7860980082908391), (0.5543540129310504, 0.44564598706894964)], [(0.2139019917091609, 0.7860980082908391), (0.5543540129310504, 0.44564598706894964)], [(0.2139019917091609, 0.7860980082908391), (0.5543540129310504, 0.44564598706894964)]]

Whittle Index final accu_reward is 3.171856 and time duration is 1.493234

count_cvg is 126
{((-1, -1, 0, -1, -1),): (2,), ((-1, -1, -1, 0, -1),): (3,), ((-1, 0, -1, -1, -1),): (1,), ((1, -1, -1, -1, -1),): (4,), ((0, -1, -1, -1, -1),): (0,), ((-1, -1, 1, -1, -1),): (0,), ((-1, -1, -1, -1, 1),): (0,), ((-1, -1, -1, 1, -1),): (1,), ((-1, -1, -1, -1, 0),): (4,), ((-1, 1, -1, -1, -1),): (0,), ((0, -1),): (0,)}
Q table final accu_reward is 4.430184 and time duration is 0.560624

