test case 1

P Matrix is: 
[[(0.8650454018837421, 0.13495459811625787), (0.2662102897554123, 0.7337897102445877)], [(0.8650454018837421, 0.13495459811625787), (0.2662102897554123, 0.7337897102445877)], [(0.8650454018837421, 0.13495459811625787), (0.2662102897554123, 0.7337897102445877)], [(0.8650454018837421, 0.13495459811625787), (0.2662102897554123, 0.7337897102445877)], [(0.8650454018837421, 0.13495459811625787), (0.2662102897554123, 0.7337897102445877)]]

Whittle Index final accu_reward is 2.535240 and time duration is 1.471959

count_cvg is 203
{((-1, -1, 0, -1, -1),): (1,), ((-1, -1, -1, 0, -1),): (0,), ((-1, 0, -1, -1, -1),): (0,), ((1, -1, -1, -1, -1),): (0,), ((0, -1, -1, -1, -1),): (2,), ((-1, -1, 1, -1, -1),): (2,), ((-1, -1, -1, -1, 1),): (4,), ((-1, -1, -1, 1, -1),): (3,), ((-1, -1, -1, -1, 0),): (0,), ((-1, 1, -1, -1, -1),): (1,), ((0, -1),): (0,)}
Q table final accu_reward is 0.382221 and time duration is 0.586900

test case 1

P Matrix is: 
[[(0.8650454018837421, 0.13495459811625787), (0.2662102897554123, 0.7337897102445877)], [(0.8650454018837421, 0.13495459811625787), (0.2662102897554123, 0.7337897102445877)], [(0.8650454018837421, 0.13495459811625787), (0.2662102897554123, 0.7337897102445877)], [(0.8650454018837421, 0.13495459811625787), (0.2662102897554123, 0.7337897102445877)], [(0.8650454018837421, 0.13495459811625787), (0.2662102897554123, 0.7337897102445877)]]

Whittle Index final accu_reward is 1.109983 and time duration is 1.497417

count_cvg is 11
{((-1, -1, -1, 0, -1),): (1,), ((-1, -1, 0, -1, -1),): (3,), ((-1, 0, -1, -1, -1),): (3,), ((1, -1, -1, -1, -1),): (0,), ((0, -1, -1, -1, -1),): (3,), ((-1, -1, 1, -1, -1),): (2,), ((-1, -1, -1, -1, 1),): (4,), ((-1, -1, -1, 1, -1),): (3,), ((-1, -1, -1, -1, 0),): (2,), ((-1, 1, -1, -1, -1),): (1,), ((0, -1),): (0,)}
Q table final accu_reward is 2.476327 and time duration is 0.574469

test case 1

P Matrix is: 
[[(0.8650454018837421, 0.13495459811625787), (0.2662102897554123, 0.7337897102445877)], [(0.8650454018837421, 0.13495459811625787), (0.2662102897554123, 0.7337897102445877)], [(0.8650454018837421, 0.13495459811625787), (0.2662102897554123, 0.7337897102445877)], [(0.8650454018837421, 0.13495459811625787), (0.2662102897554123, 0.7337897102445877)], [(0.8650454018837421, 0.13495459811625787), (0.2662102897554123, 0.7337897102445877)]]

Whittle Index final accu_reward is 1.110643 and time duration is 1.477364

count_cvg is 30
{((-1, -1, -1, 0, -1),): (2,), ((-1, -1, 0, -1, -1),): (4,), ((-1, 0, -1, -1, -1),): (2,), ((1, -1, -1, -1, -1),): (0,), ((0, -1, -1, -1, -1),): (2,), ((-1, -1, 1, -1, -1),): (2,), ((-1, -1, -1, -1, 1),): (4,), ((-1, -1, -1, 1, -1),): (3,), ((-1, -1, -1, -1, 0),): (0,), ((-1, 1, -1, -1, -1),): (1,), ((0, -1),): (0,)}
Q table final accu_reward is 2.589380 and time duration is 0.587230

test case 1

P Matrix is: 
[[(0.8650454018837421, 0.13495459811625787), (0.2662102897554123, 0.7337897102445877)], [(0.8650454018837421, 0.13495459811625787), (0.2662102897554123, 0.7337897102445877)], [(0.8650454018837421, 0.13495459811625787), (0.2662102897554123, 0.7337897102445877)], [(0.8650454018837421, 0.13495459811625787), (0.2662102897554123, 0.7337897102445877)], [(0.8650454018837421, 0.13495459811625787), (0.2662102897554123, 0.7337897102445877)]]

Whittle Index final accu_reward is 4.158379 and time duration is 1.465232

count_cvg is 68
{((-1, -1, -1, 0, -1),): (2,), ((-1, -1, 0, -1, -1),): (4,), ((-1, 0, -1, -1, -1),): (2,), ((1, -1, -1, -1, -1),): (0,), ((0, -1, -1, -1, -1),): (4,), ((-1, -1, 1, -1, -1),): (2,), ((-1, -1, -1, -1, 1),): (4,), ((-1, -1, -1, 1, -1),): (3,), ((-1, -1, -1, -1, 0),): (3,), ((-1, 1, -1, -1, -1),): (1,), ((0, -1),): (0,)}
Q table final accu_reward is 1.548417 and time duration is 0.590122

test case 1

P Matrix is: 
[[(0.8650454018837421, 0.13495459811625787), (0.2662102897554123, 0.7337897102445877)], [(0.8650454018837421, 0.13495459811625787), (0.2662102897554123, 0.7337897102445877)], [(0.8650454018837421, 0.13495459811625787), (0.2662102897554123, 0.7337897102445877)], [(0.8650454018837421, 0.13495459811625787), (0.2662102897554123, 0.7337897102445877)], [(0.8650454018837421, 0.13495459811625787), (0.2662102897554123, 0.7337897102445877)]]

Whittle Index final accu_reward is 3.963698 and time duration is 1.487213

count_cvg is 23
{((-1, -1, -1, 0, -1),): (1,), ((-1, -1, 0, -1, -1),): (3,), ((-1, 0, -1, -1, -1),): (2,), ((1, -1, -1, -1, -1),): (0,), ((0, -1, -1, -1, -1),): (3,), ((-1, -1, 1, -1, -1),): (2,), ((-1, -1, -1, -1, 1),): (4,), ((-1, -1, -1, 1, -1),): (3,), ((-1, -1, -1, -1, 0),): (2,), ((-1, 1, -1, -1, -1),): (1,), ((0, -1),): (0,)}
Q table final accu_reward is 4.095987 and time duration is 0.572931

test case 1

P Matrix is: 
[[(0.8650454018837421, 0.13495459811625787), (0.2662102897554123, 0.7337897102445877)], [(0.8650454018837421, 0.13495459811625787), (0.2662102897554123, 0.7337897102445877)], [(0.8650454018837421, 0.13495459811625787), (0.2662102897554123, 0.7337897102445877)], [(0.8650454018837421, 0.13495459811625787), (0.2662102897554123, 0.7337897102445877)], [(0.8650454018837421, 0.13495459811625787), (0.2662102897554123, 0.7337897102445877)]]

Whittle Index final accu_reward is 4.132555 and time duration is 1.468057

count_cvg is 103
{((-1, -1, -1, 0, -1),): (1,), ((-1, -1, 0, -1, -1),): (4,), ((-1, 0, -1, -1, -1),): (2,), ((1, -1, -1, -1, -1),): (0,), ((0, -1, -1, -1, -1),): (2,), ((-1, -1, 1, -1, -1),): (2,), ((-1, -1, -1, -1, 1),): (4,), ((-1, -1, -1, 1, -1),): (3,), ((-1, -1, -1, -1, 0),): (3,), ((-1, 1, -1, -1, -1),): (1,), ((0, -1),): (0,)}
Q table final accu_reward is 1.146823 and time duration is 0.591349

test case 1

P Matrix is: 
[[(0.8650454018837421, 0.13495459811625787), (0.2662102897554123, 0.7337897102445877)], [(0.8650454018837421, 0.13495459811625787), (0.2662102897554123, 0.7337897102445877)], [(0.8650454018837421, 0.13495459811625787), (0.2662102897554123, 0.7337897102445877)], [(0.8650454018837421, 0.13495459811625787), (0.2662102897554123, 0.7337897102445877)], [(0.8650454018837421, 0.13495459811625787), (0.2662102897554123, 0.7337897102445877)]]

Whittle Index final accu_reward is 2.474941 and time duration is 1.498739

count_cvg is 172
{((-1, -1, -1, 0, -1),): (1,), ((-1, -1, 0, -1, -1),): (1,), ((-1, 0, -1, -1, -1),): (4,), ((1, -1, -1, -1, -1),): (0,), ((0, -1, -1, -1, -1),): (2,), ((-1, -1, -1, 1, -1),): (3,), ((-1, -1, -1, -1, 1),): (4,), ((-1, -1, 1, -1, -1),): (2,), ((-1, -1, -1, -1, 0),): (2,), ((-1, 1, -1, -1, -1),): (1,), ((0, -1),): (0,)}
Q table final accu_reward is 2.748021 and time duration is 0.571318

test case 1

P Matrix is: 
[[(0.8650454018837421, 0.13495459811625787), (0.2662102897554123, 0.7337897102445877)], [(0.8650454018837421, 0.13495459811625787), (0.2662102897554123, 0.7337897102445877)], [(0.8650454018837421, 0.13495459811625787), (0.2662102897554123, 0.7337897102445877)], [(0.8650454018837421, 0.13495459811625787), (0.2662102897554123, 0.7337897102445877)], [(0.8650454018837421, 0.13495459811625787), (0.2662102897554123, 0.7337897102445877)]]

Whittle Index final accu_reward is 3.527597 and time duration is 1.466152

count_cvg is 25
{((-1, -1, 0, -1, -1),): (3,), ((-1, -1, -1, 0, -1),): (1,), ((-1, 0, -1, -1, -1),): (0,), ((1, -1, -1, -1, -1),): (0,), ((0, -1, -1, -1, -1),): (1,), ((-1, -1, 1, -1, -1),): (2,), ((-1, -1, -1, -1, 1),): (4,), ((-1, -1, -1, 1, -1),): (3,), ((-1, -1, -1, -1, 0),): (0,), ((-1, 1, -1, -1, -1),): (1,), ((0, -1),): (0,)}
Q table final accu_reward is 0.501916 and time duration is 0.561455

test case 1

P Matrix is: 
[[(0.8650454018837421, 0.13495459811625787), (0.2662102897554123, 0.7337897102445877)], [(0.8650454018837421, 0.13495459811625787), (0.2662102897554123, 0.7337897102445877)], [(0.8650454018837421, 0.13495459811625787), (0.2662102897554123, 0.7337897102445877)], [(0.8650454018837421, 0.13495459811625787), (0.2662102897554123, 0.7337897102445877)], [(0.8650454018837421, 0.13495459811625787), (0.2662102897554123, 0.7337897102445877)]]

Whittle Index final accu_reward is 0.401419 and time duration is 1.488800

count_cvg is 12
{((-1, -1, -1, 0, -1),): (0,), ((-1, -1, 0, -1, -1),): (1,), ((-1, 0, -1, -1, -1),): (2,), ((1, -1, -1, -1, -1),): (0,), ((0, -1, -1, -1, -1),): (2,), ((-1, -1, 1, -1, -1),): (2,), ((-1, -1, -1, -1, 1),): (4,), ((-1, -1, -1, 1, -1),): (3,), ((-1, -1, -1, -1, 0),): (0,), ((-1, 1, -1, -1, -1),): (1,), ((0, -1),): (0,)}
Q table final accu_reward is 2.877957 and time duration is 0.594655

test case 1

P Matrix is: 
[[(0.8650454018837421, 0.13495459811625787), (0.2662102897554123, 0.7337897102445877)], [(0.8650454018837421, 0.13495459811625787), (0.2662102897554123, 0.7337897102445877)], [(0.8650454018837421, 0.13495459811625787), (0.2662102897554123, 0.7337897102445877)], [(0.8650454018837421, 0.13495459811625787), (0.2662102897554123, 0.7337897102445877)], [(0.8650454018837421, 0.13495459811625787), (0.2662102897554123, 0.7337897102445877)]]

Whittle Index final accu_reward is 3.351487 and time duration is 1.511794

count_cvg is 9
{((-1, -1, -1, 0, -1),): (0,), ((-1, -1, 0, -1, -1),): (3,), ((-1, 0, -1, -1, -1),): (0,), ((1, -1, -1, -1, -1),): (0,), ((0, -1, -1, -1, -1),): (2,), ((-1, -1, 1, -1, -1),): (2,), ((-1, -1, -1, -1, 1),): (4,), ((-1, -1, -1, 1, -1),): (3,), ((-1, -1, -1, -1, 0),): (1,), ((-1, 1, -1, -1, -1),): (1,), ((0, -1),): (0,)}
Q table final accu_reward is 3.120414 and time duration is 0.595686

