test case 9

P Matrix is: 
[[(0.7280456217121393, 0.27195437828786073), (0.9445242077463191, 0.05547579225368093)], [(0.7280456217121393, 0.27195437828786073), (0.9445242077463191, 0.05547579225368093)], [(0.7280456217121393, 0.27195437828786073), (0.9445242077463191, 0.05547579225368093)], [(0.7280456217121393, 0.27195437828786073), (0.9445242077463191, 0.05547579225368093)], [(0.7280456217121393, 0.27195437828786073), (0.9445242077463191, 0.05547579225368093)]]

Whittle Index final accu_reward is 1.688615 and time duration is 1.529357

count_cvg is 24
{((-1, -1, 0, -1, -1),): (2,), ((-1, -1, -1, 0, -1),): (3,), ((-1, 0, -1, -1, -1),): (1,), ((1, -1, -1, -1, -1),): (1,), ((0, -1, -1, -1, -1),): (0,), ((-1, -1, 1, -1, -1),): (1,), ((-1, -1, -1, -1, 1),): (2,), ((-1, -1, -1, 1, -1),): (0,), ((-1, -1, -1, -1, 0),): (4,), ((-1, 1, -1, -1, -1),): (2,), ((0, -1),): (0,)}
Q table final accu_reward is 0.321707 and time duration is 0.573917

test case 9

P Matrix is: 
[[(0.7280456217121393, 0.27195437828786073), (0.9445242077463191, 0.05547579225368093)], [(0.7280456217121393, 0.27195437828786073), (0.9445242077463191, 0.05547579225368093)], [(0.7280456217121393, 0.27195437828786073), (0.9445242077463191, 0.05547579225368093)], [(0.7280456217121393, 0.27195437828786073), (0.9445242077463191, 0.05547579225368093)], [(0.7280456217121393, 0.27195437828786073), (0.9445242077463191, 0.05547579225368093)]]

Whittle Index final accu_reward is 2.402351 and time duration is 1.540201

count_cvg is 10
{((-1, -1, -1, 0, -1),): (3,), ((-1, -1, 0, -1, -1),): (2,), ((-1, 0, -1, -1, -1),): (1,), ((1, -1, -1, -1, -1),): (4,), ((0, -1, -1, -1, -1),): (0,), ((-1, -1, 1, -1, -1),): (0,), ((-1, -1, -1, -1, 1),): (2,), ((-1, -1, -1, 1, -1),): (4,), ((-1, -1, -1, -1, 0),): (4,), ((-1, 1, -1, -1, -1),): (3,), ((0, -1),): (0,)}
Q table final accu_reward is 1.226503 and time duration is 0.614512

test case 9

P Matrix is: 
[[(0.7280456217121393, 0.27195437828786073), (0.9445242077463191, 0.05547579225368093)], [(0.7280456217121393, 0.27195437828786073), (0.9445242077463191, 0.05547579225368093)], [(0.7280456217121393, 0.27195437828786073), (0.9445242077463191, 0.05547579225368093)], [(0.7280456217121393, 0.27195437828786073), (0.9445242077463191, 0.05547579225368093)], [(0.7280456217121393, 0.27195437828786073), (0.9445242077463191, 0.05547579225368093)]]

Whittle Index final accu_reward is 2.259060 and time duration is 1.565326

count_cvg is 186
{((-1, -1, -1, 0, -1),): (3,), ((-1, -1, 0, -1, -1),): (2,), ((-1, 0, -1, -1, -1),): (1,), ((1, -1, -1, -1, -1),): (2,), ((0, -1, -1, -1, -1),): (0,), ((-1, -1, -1, 1, -1),): (1,), ((-1, -1, -1, -1, 1),): (0,), ((-1, -1, 1, -1, -1),): (4,), ((-1, -1, -1, -1, 0),): (4,), ((-1, 1, -1, -1, -1),): (0,), ((0, -1),): (0,)}
Q table final accu_reward is 2.674308 and time duration is 0.574994

test case 9

P Matrix is: 
[[(0.7280456217121393, 0.27195437828786073), (0.9445242077463191, 0.05547579225368093)], [(0.7280456217121393, 0.27195437828786073), (0.9445242077463191, 0.05547579225368093)], [(0.7280456217121393, 0.27195437828786073), (0.9445242077463191, 0.05547579225368093)], [(0.7280456217121393, 0.27195437828786073), (0.9445242077463191, 0.05547579225368093)], [(0.7280456217121393, 0.27195437828786073), (0.9445242077463191, 0.05547579225368093)]]

Whittle Index final accu_reward is 1.206180 and time duration is 1.513787

count_cvg is 7
{((-1, -1, -1, 0, -1),): (3,), ((-1, -1, 0, -1, -1),): (2,), ((-1, 0, -1, -1, -1),): (1,), ((1, -1, -1, -1, -1),): (2,), ((0, -1, -1, -1, -1),): (0,), ((-1, -1, 1, -1, -1),): (3,), ((-1, -1, -1, -1, 1),): (2,), ((-1, -1, -1, 1, -1),): (0,), ((-1, -1, -1, -1, 0),): (4,), ((-1, 1, -1, -1, -1),): (0,), ((0, -1),): (0,)}
Q table final accu_reward is 0.893203 and time duration is 0.586930

test case 9

P Matrix is: 
[[(0.7280456217121393, 0.27195437828786073), (0.9445242077463191, 0.05547579225368093)], [(0.7280456217121393, 0.27195437828786073), (0.9445242077463191, 0.05547579225368093)], [(0.7280456217121393, 0.27195437828786073), (0.9445242077463191, 0.05547579225368093)], [(0.7280456217121393, 0.27195437828786073), (0.9445242077463191, 0.05547579225368093)], [(0.7280456217121393, 0.27195437828786073), (0.9445242077463191, 0.05547579225368093)]]

Whittle Index final accu_reward is 0.380212 and time duration is 1.526856

count_cvg is 1082
{((-1, -1, -1, 0, -1),): (3,), ((-1, -1, 0, -1, -1),): (2,), ((-1, 0, -1, -1, -1),): (1,), ((1, -1, -1, -1, -1),): (4,), ((0, -1, -1, -1, -1),): (0,), ((-1, -1, -1, 1, -1),): (4,), ((-1, -1, -1, -1, 1),): (0,), ((-1, -1, 1, -1, -1),): (0,), ((-1, -1, -1, -1, 0),): (4,), ((-1, 1, -1, -1, -1),): (2,), ((0, -1),): (0,)}
Q table final accu_reward is 0.695365 and time duration is 0.560290

test case 9

P Matrix is: 
[[(0.7280456217121393, 0.27195437828786073), (0.9445242077463191, 0.05547579225368093)], [(0.7280456217121393, 0.27195437828786073), (0.9445242077463191, 0.05547579225368093)], [(0.7280456217121393, 0.27195437828786073), (0.9445242077463191, 0.05547579225368093)], [(0.7280456217121393, 0.27195437828786073), (0.9445242077463191, 0.05547579225368093)], [(0.7280456217121393, 0.27195437828786073), (0.9445242077463191, 0.05547579225368093)]]

Whittle Index final accu_reward is 1.120562 and time duration is 1.522100

count_cvg is 28
{((-1, -1, -1, 0, -1),): (3,), ((-1, -1, 0, -1, -1),): (2,), ((-1, 0, -1, -1, -1),): (1,), ((1, -1, -1, -1, -1),): (1,), ((0, -1, -1, -1, -1),): (0,), ((-1, -1, -1, 1, -1),): (1,), ((-1, -1, -1, -1, 1),): (3,), ((-1, -1, 1, -1, -1),): (3,), ((-1, -1, -1, -1, 0),): (0,), ((-1, 1, -1, -1, -1),): (3,), ((0, -1),): (0,)}
Q table final accu_reward is 2.999491 and time duration is 0.583669

test case 9

P Matrix is: 
[[(0.7280456217121393, 0.27195437828786073), (0.9445242077463191, 0.05547579225368093)], [(0.7280456217121393, 0.27195437828786073), (0.9445242077463191, 0.05547579225368093)], [(0.7280456217121393, 0.27195437828786073), (0.9445242077463191, 0.05547579225368093)], [(0.7280456217121393, 0.27195437828786073), (0.9445242077463191, 0.05547579225368093)], [(0.7280456217121393, 0.27195437828786073), (0.9445242077463191, 0.05547579225368093)]]

Whittle Index final accu_reward is 2.504368 and time duration is 1.530996

count_cvg is 75
{((-1, -1, -1, 0, -1),): (3,), ((-1, -1, 0, -1, -1),): (2,), ((-1, 0, -1, -1, -1),): (1,), ((1, -1, -1, -1, -1),): (3,), ((0, -1, -1, -1, -1),): (0,), ((-1, -1, 1, -1, -1),): (0,), ((-1, -1, -1, -1, 1),): (2,), ((-1, -1, -1, 1, -1),): (1,), ((-1, -1, -1, -1, 0),): (4,), ((-1, 1, -1, -1, -1),): (2,), ((0, -1),): (0,)}
Q table final accu_reward is 1.533205 and time duration is 0.563749

test case 9

P Matrix is: 
[[(0.7280456217121393, 0.27195437828786073), (0.9445242077463191, 0.05547579225368093)], [(0.7280456217121393, 0.27195437828786073), (0.9445242077463191, 0.05547579225368093)], [(0.7280456217121393, 0.27195437828786073), (0.9445242077463191, 0.05547579225368093)], [(0.7280456217121393, 0.27195437828786073), (0.9445242077463191, 0.05547579225368093)], [(0.7280456217121393, 0.27195437828786073), (0.9445242077463191, 0.05547579225368093)]]

Whittle Index final accu_reward is 0.538985 and time duration is 1.518804

count_cvg is 177
{((-1, -1, -1, 0, -1),): (3,), ((-1, -1, 0, -1, -1),): (2,), ((-1, 0, -1, -1, -1),): (1,), ((1, -1, -1, -1, -1),): (4,), ((0, -1, -1, -1, -1),): (0,), ((-1, -1, 1, -1, -1),): (3,), ((-1, -1, -1, -1, 1),): (1,), ((-1, -1, -1, 1, -1),): (4,), ((-1, -1, -1, -1, 0),): (4,), ((-1, 1, -1, -1, -1),): (0,), ((0, -1),): (0,)}
Q table final accu_reward is 1.876913 and time duration is 0.558418

test case 9

P Matrix is: 
[[(0.7280456217121393, 0.27195437828786073), (0.9445242077463191, 0.05547579225368093)], [(0.7280456217121393, 0.27195437828786073), (0.9445242077463191, 0.05547579225368093)], [(0.7280456217121393, 0.27195437828786073), (0.9445242077463191, 0.05547579225368093)], [(0.7280456217121393, 0.27195437828786073), (0.9445242077463191, 0.05547579225368093)], [(0.7280456217121393, 0.27195437828786073), (0.9445242077463191, 0.05547579225368093)]]

Whittle Index final accu_reward is 3.336320 and time duration is 1.546111

count_cvg is 510
{((-1, -1, -1, 0, -1),): (3,), ((-1, -1, 0, -1, -1),): (2,), ((-1, 0, -1, -1, -1),): (1,), ((1, -1, -1, -1, -1),): (4,), ((0, -1, -1, -1, -1),): (0,), ((-1, -1, -1, 1, -1),): (2,), ((-1, -1, -1, -1, 1),): (2,), ((-1, -1, 1, -1, -1),): (4,), ((-1, -1, -1, -1, 0),): (4,), ((-1, 1, -1, -1, -1),): (2,), ((0, -1),): (0,)}
Q table final accu_reward is 1.385080 and time duration is 0.596935

test case 9

P Matrix is: 
[[(0.7280456217121393, 0.27195437828786073), (0.9445242077463191, 0.05547579225368093)], [(0.7280456217121393, 0.27195437828786073), (0.9445242077463191, 0.05547579225368093)], [(0.7280456217121393, 0.27195437828786073), (0.9445242077463191, 0.05547579225368093)], [(0.7280456217121393, 0.27195437828786073), (0.9445242077463191, 0.05547579225368093)], [(0.7280456217121393, 0.27195437828786073), (0.9445242077463191, 0.05547579225368093)]]

Whittle Index final accu_reward is 0.907741 and time duration is 1.555931

count_cvg is 0
{((-1, -1, -1, 0, -1),): (3,), ((-1, -1, 0, -1, -1),): (2,), ((-1, 0, -1, -1, -1),): (1,), ((1, -1, -1, -1, -1),): (2,), ((0, -1, -1, -1, -1),): (0,), ((-1, -1, 1, -1, -1),): (3,), ((-1, -1, -1, -1, 1),): (2,), ((-1, -1, -1, 1, -1),): (0,), ((-1, -1, -1, -1, 0),): (4,), ((-1, 1, -1, -1, -1),): (3,), ((0, -1),): (0,)}
Q table final accu_reward is 1.059805 and time duration is 0.604254

